1.6280920789945057
6.038897557841722
1.1517552699977784
10.023009370577903
14.06068004446179
16.669712699767736
2.044336010779822
4.094963798857377
18.573796172052788
35.22970438973297
0.9179859043412701
1.038295985711013
6.296115000749705
2.6091324812683307
5.52545151646563
4.871052066513119
8.825068683542952
17.93418563407523
0.6243301396282392
32.108432640124036
1.2861477709806675
2.6274303434824855
2.347189791285645
11.703467527898821
17.679487354795548
41.09632782029365
10.334310407259988
27.953889667012298
5.443301979393713
18.44176546692494
29.763008781237268
4.867973689956472
36.91910157962732
1.8513178819359801
42.53054618502767
