tip	date	distance	residual
MH053351_ZWE_cattle_1984_SAT3	1984.0	0.0878924063	-0.010816256013823133
ON557390_ZMB_cow_2015_SAT3	2015.0	0.091795258	-0.052510612319686664
MW355679_ZWE_african-buffalo_1990_SAT3	1990.0	0.0688010963	-0.03873283207947428
MW355677_ZAF_cattle_1979_SAT3	1979.0	0.0698743399	-0.02147993402578066
MW355676_ZWE_cattle_1976_SAT3	1976.0	0.0725948112	-0.014346829692955088
MH053346_ZWE_cattle_1976_SAT3	1976.0	0.073697006	-0.01324463489295509
MH053348_ZWE_cattle_1977_SAT3	1977.0	0.0741120161	-0.014300502470563761
MH053343_ZWE_cattle_1934_SAT3	1934.0	0.0	-0.025164778433397927
KM268901_ZWE_cattle_1991_SAT3	1991.0	0.0670554525	-0.041949353557082514
KR108950_ZAF_african-buffalo_2009_SAT3	2009.0	0.0644247781	-0.07105582615403597
MH053350_ZWE_african-buffalo_1983_SAT3	1983.0	0.07525339010000001	-0.021984394536214452
MH053347_ZWE_cattle_1976_SAT3	1976.0	0.07745725410000001	-0.009484386792955074
KJ820999_UGA_cattle_2013_SAT3	2013.0	0.34936202209999995	0.20799790713553018
MH053344_ZWE_cattle_1974_SAT3	1974.0	0.0788642145	-0.005135671037738182
AY593850_ZAF_Unknown_1959_SAT3	1959.0	0.0723153133	0.010378592926389249
MH053352_ZWE_african-buffalo_1990_SAT3	1990.0	0.08490641659999999	-0.022627511779474294
MW355678_ZMB_african-buffalo_1996_SAT3	1996.0	0.0974553528	-0.01890384164512543
AY593852_KEN_Unknown_1960_SAT3	1960.0	0.0984505741	0.03504297604878101
AY593851_BWA_Unknown_1961_SAT3	1961.0	0.09954954619999999	0.034671070471172336
MW355674_BWA_cattle_1967_SAT3	1967.0	0.10963937959999999	0.03593563780552163
MH053338_BWA_cattle_1966_SAT3	1966.0	0.10283095739999999	0.03059809328312986
AY593853_BWA_Unknown_1965_SAT3	1965.0	0.0978750742	0.027113087760738536
