tip	date	distance	residual
AY390432/Unknown/Unknown/2005/Asia1	2005.0	0.15036306793137444	-0.021814618518654183
DQ533483/CHN/Unknown/1958/Asia1	1958.0	0.15651865863137443	0.032709948174350856
MN366244/BGD/cattle/2018/Asia1	2018.0	0.2122066723313744	0.026650332947110333
MF372125/IND/gayal/2016/Asia1	2016.0	0.20928339873137444	0.025785313644685254
MF782478/BGD/cattle/2013/Asia1	2013.0	0.18708807923137444	0.006677375591047141
DQ989311/IND/buffalo/2002/Asia1	2002.0	0.18279035923137443	0.013700054227707703
DQ989310/IND/cattle/1999/Asia1	1999.0	0.15499014283137444	-0.011012780725929955
MF372126/IND/gayal/1994/Asia1	1994.0	0.17674767073137443	0.015890382918006374
DQ989309/IND/cattle/1996/Asia1	1996.0	0.17315996423137445	0.010244422120431945
DQ989308/IND/cattle/1994/Asia1	1994.0	0.18729917033137444	0.026441882518006388
JF749849/Unknown/Unknown/2002/Asia1	2002.0	0.16966648663137443	5.761816277077003E-4
HQ113233/AFG/cow/2009/Asia1	2009.0	0.19032474023137444	0.01403054518619648
EF149010/CHN/Unknown/2005/Asia1	2005.0	0.18554455363137443	0.013366867181345804
DQ989312/IND/sheep/1990/Asia1	1990.0	0.16358046333137444	0.006839684113156164
DQ989307/IND/cattle/1992/Asia1	1992.0	0.13385633523137444	-0.024942698284418724
DQ989305/IND/cattle/1990/Asia1	1990.0	0.15066912463137444	-0.006071654586843833
DQ989323/IND/cattle/2002/Asia1	2002.0	0.16356045613137443	-0.005529848872292298
DQ989314/IND/cattle/2001/Asia1	2001.0	0.16500407283137444	-0.0030571050235048414
DQ989322/IND/cattle/2002/Asia1	2002.0	0.16350220183137443	-0.0055881031722923025
DQ989318/IND/cattle/2002/Asia1	2002.0	0.16500249203137443	-0.0040878129722922985
DQ989321/IND/cattle/2001/Asia1	2001.0	0.16214206963137445	-0.005919108223504832
DQ989320/IND/cattle/2002/Asia1	2002.0	0.16535635693137443	-0.003733948072292298
DQ989317/IND/buffalo/2000/Asia1	2000.0	0.15179523793137445	-0.01523681277471739
DQ989319/IND/cattle/2001/Asia1	2001.0	0.17033486163137443	0.0022736837764951445
DQ989315/IND/cattle/1993/Asia1	1993.0	0.14926159993137444	-0.010566560733206165
AY593800/LBN/Unknown/1983/Asia1	1983.0	0.14812581123137444	-0.0014110779453326006
AY593798/LBN/Unknown/1983/Asia1	1983.0	0.14812581123137444	-0.0014110779453326006
AY593799/LBN/Unknown/1983/Asia1	1983.0	0.14812581123137444	-0.0014110779453326006
HQ632774/MYS/cattle/1999/Asia1	1999.0	0.12249538293137442	-0.04350754062592997
GU125646/VNM/buffalo/2005/Asia1	2005.0	0.10786284803137443	-0.0643148384186542
AY593795/PAK/Unknown/1954/Asia1	1954.0	0.10715571456862556	-0.012536487293248674
OQ356337/PAK/cow/2006/Asia1	2006.0	0.10715571456862556	-0.0660510990301905
OM471680/PAK/buffalo/2012/Asia1	2012.0	0.18003050473137444	6.489282398345897E-4
OM471673/PAK/cattle/2012/Asia1	2012.0	0.17856255713137442	-8.190193601654294E-4
OM471650/PAK/buffalo/2012/Asia1	2012.0	0.18297391063137441	0.003592334139834563
OM471633/PAK/buffalo/2012/Asia1	2012.0	0.18003469573137443	6.531192398345764E-4
OM471631/PAK/buffalo/2012/Asia1	2012.0	0.18003419333137444	6.526168398345855E-4
OM471634/PAK/buffalo/2012/Asia1	2012.0	0.18003107783137443	6.495013398345739E-4
OM471635/PAK/buffalo/2012/Asia1	2012.0	0.17856466683137442	-8.169096601654269E-4
OM471632/PAK/buffalo/2012/Asia1	2012.0	0.17856223403137442	-8.193424601654342E-4
OM471636/PAK/buffalo/2012/Asia1	2012.0	0.18002658413137443	6.450076398345772E-4
OM471663/PAK/cattle/2012/Asia1	2012.0	0.18450823213137446	0.00512665563983461
OM471662/PAK/cattle/2012/Asia1	2012.0	0.18450823213137446	0.00512665563983461
OM471611/PAK/buffalo/2012/Asia1	2012.0	0.18948883753137444	0.010107261039834586
OM471658/PAK/buffalo/2012/Asia1	2012.0	0.18890779703137445	0.009526220539834596
OM471653/PAK/buffalo/2012/Asia1	2012.0	0.18890779703137445	0.009526220539834596
OM471652/PAK/buffalo/2012/Asia1	2012.0	0.18890779703137445	0.009526220539834596
OM471655/PAK/buffalo/2012/Asia1	2012.0	0.18890779703137445	0.009526220539834596
OM471651/PAK/buffalo/2012/Asia1	2012.0	0.19183830723137446	0.01245673073983461
OM471649/PAK/buffalo/2012/Asia1	2012.0	0.18596555783137442	0.006583981339834566
OM471640/PAK/buffalo/2012/Asia1	2012.0	0.18596555783137442	0.006583981339834566
OM471645/PAK/buffalo/2012/Asia1	2012.0	0.18596555783137442	0.006583981339834566
OM471630/PAK/buffalo/2012/Asia1	2012.0	0.18596555783137442	0.006583981339834566
OM471642/PAK/buffalo/2012/Asia1	2012.0	0.18596555783137442	0.006583981339834566
OM471644/PAK/buffalo/2012/Asia1	2012.0	0.18596555783137442	0.006583981339834566
OM471643/PAK/buffalo/2012/Asia1	2012.0	0.18596555783137442	0.006583981339834566
OM471615/PAK/buffalo/2012/Asia1	2012.0	0.18596555783137442	0.006583981339834566
OM471639/PAK/buffalo/2012/Asia1	2012.0	0.18596555783137442	0.006583981339834566
OM471638/PAK/buffalo/2012/Asia1	2012.0	0.18596555783137442	0.006583981339834566
OM471641/PAK/buffalo/2012/Asia1	2012.0	0.18596555783137442	0.006583981339834566
OM471646/PAK/buffalo/2012/Asia1	2012.0	0.18596555783137442	0.006583981339834566
OM471637/PAK/buffalo/2012/Asia1	2012.0	0.18596555783137442	0.006583981339834566
OM471648/PAK/buffalo/2012/Asia1	2012.0	0.18596555783137442	0.006583981339834566
OM471623/PAK/buffalo/2012/Asia1	2012.0	0.18003146723137442	6.498907398345688E-4
OM471657/PAK/buffalo/2012/Asia1	2012.0	0.18003739963137444	6.558231398345882E-4
OM471616/PAK/buffalo/2012/Asia1	2012.0	0.18151991133137446	0.0021383348398346103
OM471629/PAK/buffalo/2012/Asia1	2012.0	0.17856694733137443	-8.146291601654199E-4
OM471610/PAK/buffalo/2011/Asia1	2011.0	0.17856694733137443	2.1449798862158143E-4
OM471621/PAK/buffalo/2012/Asia1	2012.0	0.17856694733137443	-8.146291601654199E-4
OM471626/PAK/buffalo/2012/Asia1	2012.0	0.17856694733137443	-8.146291601654199E-4
OM471627/PAK/buffalo/2012/Asia1	2012.0	0.17856694733137443	-8.146291601654199E-4
OM471625/PAK/buffalo/2012/Asia1	2012.0	0.17856694733137443	-8.146291601654199E-4
OM471619/PAK/buffalo/2012/Asia1	2012.0	0.17856694733137443	-8.146291601654199E-4
OM471612/PAK/buffalo/2012/Asia1	2012.0	0.17856694733137443	-8.146291601654199E-4
OM471617/PAK/buffalo/2012/Asia1	2012.0	0.18003311943137443	6.515429398345762E-4
OM471656/PAK/buffalo/2012/Asia1	2012.0	0.18299635173137443	0.0036147752398345834
OM471620/PAK/buffalo/2012/Asia1	2012.0	0.18003271743137442	6.511409398345658E-4
OM471628/PAK/buffalo/2012/Asia1	2012.0	0.17856594743137444	-8.156290601654126E-4
OM471624/PAK/buffalo/2012/Asia1	2012.0	0.18003372423137443	6.521477398345743E-4
OM471618/PAK/buffalo/2012/Asia1	2012.0	0.18003169663137442	6.501201398345646E-4
OM471613/PAK/buffalo/2012/Asia1	2012.0	0.18150809253137445	0.002126516039834603
OM471654/PAK/buffalo/2012/Asia1	2012.0	0.18299416383137446	0.0036125873398346053
OM471614/PAK/buffalo/2012/Asia1	2012.0	0.18150540393137443	0.0021238274398345802
OM471622/PAK/buffalo/2012/Asia1	2012.0	0.18003124293137443	6.496664398345786E-4
OM471670/PAK/buffalo/2012/Asia1	2012.0	0.17562567293137443	-0.003755903560165419
OM471660/PAK/buffalo/2012/Asia1	2012.0	0.17709334193137444	-0.002288234560165414
OM471647/PAK/buffalo/2012/Asia1	2012.0	0.17862938173137444	-7.521947601654144E-4
OM471675/PAK/cattle/2011/Asia1	2011.0	0.16966611263137443	-0.008686336711378417
OM471674/PAK/cattle/2011/Asia1	2011.0	0.16966611263137443	-0.008686336711378417
OM471677/PAK/buffalo/2012/Asia1	2012.0	0.17560618213137444	-0.0037753943601654127
OM471669/PAK/cattle/2012/Asia1	2012.0	0.18168767283137444	0.0023060963398345846
OM471659/PAK/cattle/2012/Asia1	2012.0	0.18168767283137444	0.0023060963398345846
OM471668/PAK/cattle/2012/Asia1	2012.0	0.18168767283137444	0.0023060963398345846
OM471679/PAK/cattle/2012/Asia1	2012.0	0.17415388213137442	-0.00522769436016543
OM471672/PAK/cattle/2012/Asia1	2012.0	0.17415388213137442	-0.00522769436016543
OM471671/PAK/cattle/2012/Asia1	2012.0	0.17415388213137442	-0.00522769436016543
OM471678/PAK/cattle/2012/Asia1	2012.0	0.17415388213137442	-0.00522769436016543
KM268898/TUR/cattle/2013/Asia1	2013.0	0.18970628083137442	0.009295577191047122
OM471676/PAK/cattle/2011/Asia1	2011.0	0.16818566363137444	-0.010166785711378412
OM471666/PAK/buffalo/2011/Asia1	2011.0	0.16818566363137444	-0.010166785711378412
OM471665/PAK/buffalo/2011/Asia1	2011.0	0.16818566363137444	-0.010166785711378412
OM471664/PAK/buffalo/2011/Asia1	2011.0	0.16818566363137444	-0.010166785711378412
OM471667/PAK/buffalo/2011/Asia1	2011.0	0.16818566363137444	-0.010166785711378412
OM471661/PAK/cattle/2012/Asia1	2012.0	0.17719388703137443	-0.002187689460165426
JN006720/Unknown/Unknown/2009/Asia1	2009.0	0.18082958623137443	0.004535391186196475
JN006719/Unknown/Unknown/2008/Asia1	2008.0	0.17307909143137443	-0.0021859764650160873
DQ989313/IND/buffalo/1986/Asia1	1986.0	0.13943535633137444	-0.013188914291694498
KU360085/CHN/pig/2015/Asia1	2015.0	0.18302460463137443	5.556466934722448E-4
KC412634/CHN/pig/2006/Asia1	2006.0	0.18012314723137443	0.0069163336325583635
KC462884/CHN/pig/2006/Asia1	2006.0	0.18012314653137443	0.006916332932558361
GU931682/CHN/cow/2005/Asia1	2005.0	0.17578958233137443	0.0036118958813458057
EF614458/MNG/cattle/2005/Asia1	2005.0	0.17433646293137445	0.0021587764813458254
HQ631363/CHN/pig/2006/Asia1	2006.0	0.17287950183137443	-3.273117674416348E-4
FJ906802/CHN/pig/2006/Asia1	2006.0	0.17431712523137444	0.0011103116325583695
EF149009/CHN/Unknown/2005/Asia1	2005.0	0.17875144813137445	0.006573761681345824
GQ452295/VNM/cattle/2007/Asia1	2007.0	0.17313390033137444	-0.0011020404162290776
GU125645/VNM/cattle/2007/Asia1	2007.0	0.17313390033137444	-0.0011020404162290776
DQ989306/IND/cattle/1986/Asia1	1986.0	0.18485923323137443	0.032234962608305495
DQ989304/IND/cattle/2000/Asia1	2000.0	0.15773664833137443	-0.009295402374717404
DQ989303/IND/cattle/1993/Asia1	1993.0	0.15628416413137444	-0.0035439965332061674
AY593796/ISR/Unknown/1963/Asia1	1963.0	0.14447927823137444	0.01552493203041408
OQ356338/ISR/cow/2006/Asia1	2006.0	0.14313766043137444	-0.03006915316744163
