tip	date	distance	residual
AY593810/GBR/Unknown/1970/C	1970.0	0.1711528943	0.016488374832138025
OQ356339/GBR/cow/1987/C	1987.0	0.1711528943	-0.007036051579284691
OQ383266/GBR/Unknown/2002/C	2002.0	0.1696888563	-0.02925693641289326
X74812/Unknown/Unknown/1965/C	1965.0	0.1930984217	0.045352851176674064
OQ383265/NLD/cow/2000/C	2000.0	0.1784538392	-0.01772437393507867
AY593805/DEU/Unknown/1960/C	1960.0	0.1667865699	0.025959948321210097
AY593804/CHE/Unknown/1965/C	1965.0	0.1675288924	0.01978332187667406
OQ427393/Unknown/cow/2009/C	2009.0	0.1427897701	-0.0658425511352439
AY593808/ARG/Unknown/1966/C	1966.0	0.1569329657	0.007803605387766782
OQ383267/BRA/cow/1963/C	1963.0	2.039E-6	-0.14497595194551133
AY593807/BRA/Unknown/1955/C	1955.0	0.0	-0.13390767263425385
AY593809/ARG/Unknown/1969/C	1969.0	0.016574364	-0.13670636567895467
AY593806/BRA/Unknown/1971/C	1971.0	0.1680222149	0.011973905643230726
MH053310/UGA/cattle/1970/C	1970.0	0.2778311203	0.12316660083213804
MH053309/KEN/cattle/1967/C	1967.0	0.2543448831	0.10383173299885945
KM268897/KEN/cattle/2004/C	2004.0	0.2541436431	0.05243027080929258
MH053308/ETH/unknown/1971/C	1971.0	0.2847076007	0.12865929144323074
