tip	date	distance	residual
AJ539139/KOR/Unknown/2000/O	2000.0	0.20626515889963049	-0.01764420262504185
AH012985/KOR/Unknown/2000/O	2000.0	0.20626515889963049	-0.01764420262504185
AH012984/KOR/Unknown/2000/O	2000.0	0.2131372836996305	-0.010772077825041831
KF694744/KOR/cow/2002/O	2002.0	0.2156732583996305	-0.012814698774766459
EF614457/KOR/cattle/2002/O	2002.0	0.2194973016996305	-0.008990655474766462
KF694746/KOR/pig/2002/O	2002.0	0.2093276909996305	-0.01916026617476646
KF694742/KOR/pig/2002/O	2002.0	0.2093276909996305	-0.01916026617476646
KF694740/KOR/pig/2002/O	2002.0	0.2093276909996305	-0.01916026617476646
KF694736/KOR/pig/2002/O	2002.0	0.2093276909996305	-0.01916026617476646
KF694735/KOR/pig/2002/O	2002.0	0.2093276909996305	-0.01916026617476646
KF694734/KOR/pig/2002/O	2002.0	0.2093276909996305	-0.01916026617476646
KF694739/KOR/pig/2002/O	2002.0	0.2093276909996305	-0.01916026617476646
KF694741/KOR/pig/2002/O	2002.0	0.2093276909996305	-0.01916026617476646
KF694743/KOR/pig/2002/O	2002.0	0.2093276909996305	-0.01916026617476646
KF694733/KOR/pig/2002/O	2002.0	0.2093276909996305	-0.01916026617476646
KF694737/KOR/pig/2002/O	2002.0	0.2093276909996305	-0.01916026617476646
KF694745/KOR/pig/2002/O	2002.0	0.2093276909996305	-0.01916026617476646
KF694731/KOR/pig/2002/O	2002.0	0.2105876698996305	-0.017900287274766474
KF694738/KOR/pig/2002/O	2002.0	0.2134161791996305	-0.01507177797476647
KF694732/KOR/pig/2002/O	2002.0	0.2134161791996305	-0.01507177797476647
HM008917/CHN/pig/2005/O	2005.0	0.2405441536996305	0.0051883030506479355
HQ009509/CHN/pig/1999/O	1999.0	0.2620255660996305	0.04040550239982005
MH167966/UGA/cow/2015/O	2015.0	0.2617317390996305	0.0034829102020292324
ON784047/UGA/cow/2015/O	2015.0	0.2883116526996305	0.030062823802029237
ON784046/UGA/cow/2015/O	2015.0	0.2799543930996305	0.021705564202029237
ON784045/UGA/cow/2015/O	2015.0	0.2606110996996305	0.0023622708020292205
ON736860/UGA/cow/2015/O	2015.0	0.2621050016996305	0.0038561728020292674
MH167964/UGA/cow/2015/O	2015.0	0.2590291319996305	7.803031020292561E-4
MH167965/UGA/cow/2016/O	2016.0	0.2654002189996305	0.004862092277167385
MH167963/UGA/cow/2015/O	2015.0	0.2644524033996305	0.006203574502029241
KU821591/ZMB/cow/2010/O	2010.0	0.2378726157996305	-0.008929723973661402
HM191257/UGA/cow/2006/O	2006.0	0.2419325131996305	0.004287364725786058
FJ461345/UGA/Unknown/2002/O	2002.0	0.24141505919963052	0.012927102025233561
FJ461344/UGA/cow/2002/O	2002.0	0.23103479379963052	0.002546836625233556
MH053318/UGA/unknown/2002/O	2002.0	0.2317904980996305	0.003302540925233549
MH167962/UGA/cow/2015/O	2015.0	0.2642024991996305	0.005953670302029257
MT602084/KEN/cattle/2018/O	2018.0	0.2703570955996305	0.00524037322744364
MN116694/KEN/cow/2016/O	2016.0	0.2375353335996305	-0.023002793122832627
MN116693/KEN/cow/2014/O	2014.0	0.2522209067996305	-0.0037386242731088926
OQ457195/NER/cattle/2020/O	2020.0	0.2847434509996305	0.015048132977719009
OQ457193/NER/cattle/2020/O	2020.0	0.2847434509996305	0.015048132977719009
OQ457192/NER/cattle/2020/O	2020.0	0.2847434509996305	0.015048132977719009
OQ457191/NER/cattle/2020/O	2020.0	0.2847434509996305	0.015048132977719009
OQ457189/NER/cattle/2020/O	2020.0	0.2847434509996305	0.015048132977719009
OQ457188/NER/cattle/2020/O	2020.0	0.2847434509996305	0.015048132977719009
OQ457194/NER/cattle/2020/O	2020.0	0.2847434509996305	0.015048132977719009
OQ457186/NER/cattle/2020/O	2020.0	0.2823687688996305	0.012673450877718984
OQ457184/NER/cattle/2020/O	2020.0	0.2823687688996305	0.012673450877718984
OQ457185/NER/cattle/2020/O	2020.0	0.2823687688996305	0.012673450877718984
OM022649/NER/cattle/2017/O	2017.0	0.2661191028996305	0.0032916783523054827
OM022648/NER/cattle/2017/O	2017.0	0.2661191028996305	0.0032916783523054827
OM022642/NER/cattle/2018/O	2018.0	0.2648534387996305	-2.632835725563387E-4
LC456873/GHA/cow/2018/O	2018.0	0.2661166179996305	9.998956274436255E-4
LC456870/GHA/cow/2018/O	2018.0	0.2661166179996305	9.998956274436255E-4
LC456871/GHA/cow/2018/O	2018.0	0.2661165677996305	9.998454274436352E-4
OM022646/NER/cattle/2017/O	2017.0	0.2706915174996305	0.007864092952305501
OM022644/NER/cattle/2017/O	2017.0	0.2719701254996305	0.009142700952305516
OM022643/NER/cattle/2017/O	2017.0	0.2771161570996305	0.014288732552305505
MT602081/ETH/cattle/2015/O	2015.0	0.2298837043996305	-0.028365124497970767
MH053311/ETH/cattle/2004/O	2004.0	0.2329081774996305	-1.5837532449020086E-4
MH053314/ETH/cattle/2007/O	2007.0	0.2166013997996305	-0.023333046499075805
MH053313/ETH/cattle/2006/O	2006.0	0.2542273163996305	0.01658216792578604
MH791293/UGA/cattle/2017/O	2017.0	0.2345034239996305	-0.02832400054769449
MH053317/UGA/unknown/1998/O	1998.0	0.2270082718996305	0.007677506024681896
MH053312/ETH/cattle/2005/O	2005.0	0.2515995832996305	0.016243732650647935
MH053316/UGA/cattle/1996/O	1996.0	0.22956856729963052	0.014816397074405657
MH053315/SDN/unknown/1976/O	1976.0	0.1996938792996305	0.030727665571643914
OQ427394/ARG/cow/1993/O	1993.0	0.1747002704996305	-0.03318400625100876
AY593814/ARG/Unknown/1965/O	1965.0	0.1721517874996305	0.02836784984512447
KJ560309/GBR/cattle/2007/O	2007.0	0.1734481406996305	-0.06648630559907581
KJ560304/GBR/cattle/2007/O	2007.0	0.1734481406996305	-0.06648630559907581
KJ560305/GBR/cattle/2007/O	2007.0	0.1734481406996305	-0.06648630559907581
KJ560307/GBR/cattle/2007/O	2007.0	0.1734481406996305	-0.06648630559907581
EU448380/GBR/cow/2007/O	2007.0	0.1734481406996305	-0.06648630559907581
KJ560308/GBR/cattle/2007/O	2007.0	0.1734481406996305	-0.06648630559907581
KJ560306/GBR/cattle/2007/O	2007.0	0.1747081606996305	-0.06522628559907581
EU448381/GBR/cow/2007/O	2007.0	0.1747081606996305	-0.06522628559907581
KJ560303/GBR/cattle/2007/O	2007.0	0.1747081606996305	-0.06522628559907581
JX869185/GBR/cattle/1968/O	1968.0	0.1734469412996305	0.022795110170538868
JX869183/GBR/cattle/1968/O	1968.0	0.1747196543996305	0.024067823270538857
JX869181/GBR/cattle/1967/O	1967.0	0.1734475270996305	0.025084993795400717
EU448373/GBR/cow/2007/O	2007.0	0.1734480149996305	-0.0664864312990758
KJ560301/GBR/cattle/2007/O	2007.0	0.1721784248996305	-0.0677560213990758
KJ560302/GBR/cattle/2007/O	2007.0	0.1721774248996305	-0.0677570213990758
JX570655/GBR/cattle/2007/O	2007.0	0.1721774248996305	-0.0677570213990758
KJ560282/GBR/cattle/2007/O	2007.0	0.1721774248996305	-0.0677570213990758
EU448372/GBR/cow/2007/O	2007.0	0.1721774248996305	-0.0677570213990758
EU448377/GBR/cow/2007/O	2007.0	0.1721774248996305	-0.0677570213990758
KJ560299/GBR/sheep/2007/O	2007.0	0.1721774248996305	-0.0677570213990758
JX570648/GBR/cattle/2007/O	2007.0	0.1721774248996305	-0.0677570213990758
JX869179/GBR/cattle/1967/O	1967.0	0.1721774248996305	0.023814891595400733
JX869182/GBR/cattle/1968/O	1968.0	0.1721774248996305	0.021525593770538864
JX570644/GBR/cattle/2007/O	2007.0	0.1721774248996305	-0.0677570213990758
JX570642/GBR/cattle/2007/O	2007.0	0.1721774248996305	-0.0677570213990758
JX570639/GBR/cattle/2007/O	2007.0	0.1721774248996305	-0.0677570213990758
EU448368/GBR/cow/1967/O	1967.0	0.1721774248996305	0.023814891595400733
KJ560288/GBR/cattle/2007/O	2007.0	0.1721774248996305	-0.0677570213990758
JX570652/GBR/cattle/2007/O	2007.0	0.1721774248996305	-0.0677570213990758
EU448375/GBR/cow/2007/O	2007.0	0.1721774248996305	-0.0677570213990758
KJ560295/GBR/cattle/2007/O	2007.0	0.1721774248996305	-0.0677570213990758
KJ560278/GBR/cattle/2007/O	2007.0	0.1721774248996305	-0.0677570213990758
KJ560290/GBR/cattle/2007/O	2007.0	0.1721774248996305	-0.0677570213990758
JX570643/GBR/cattle/2007/O	2007.0	0.1721774248996305	-0.0677570213990758
KJ560279/GBR/cattle/2007/O	2007.0	0.1721774248996305	-0.0677570213990758
KJ560283/GBR/cattle/2007/O	2007.0	0.1721774248996305	-0.0677570213990758
EU448370/GBR/cow/1967/O	1967.0	0.1721774248996305	0.023814891595400733
KJ560292/GBR/cattle/2007/O	2007.0	0.1721774248996305	-0.0677570213990758
EU448374/GBR/cow/2007/O	2007.0	0.1721774248996305	-0.0677570213990758
JX570654/GBR/cattle/2007/O	2007.0	0.1721774248996305	-0.0677570213990758
KJ560294/GBR/cattle/2007/O	2007.0	0.1721774248996305	-0.0677570213990758
JX570653/GBR/cattle/2007/O	2007.0	0.1721774248996305	-0.0677570213990758
KJ560284/GBR/cattle/2007/O	2007.0	0.1721774248996305	-0.0677570213990758
JX570649/GBR/cattle/2007/O	2007.0	0.1721774248996305	-0.0677570213990758
KJ560287/GBR/cattle/2007/O	2007.0	0.1721774248996305	-0.0677570213990758
JX570640/GBR/cattle/2007/O	2007.0	0.1721774248996305	-0.0677570213990758
EU448378/GBR/sheep/2007/O	2007.0	0.1721774248996305	-0.0677570213990758
EU448379/GBR/cow/2007/O	2007.0	0.1721774248996305	-0.0677570213990758
EU448369/GBR/cow/1967/O	1967.0	0.1721774248996305	0.023814891595400733
KJ560277/GBR/cattle/2007/O	2007.0	0.1721774248996305	-0.0677570213990758
KJ560276/GBR/cattle/2007/O	2007.0	0.1721774248996305	-0.0677570213990758
KJ560293/GBR/cattle/2007/O	2007.0	0.1721774248996305	-0.0677570213990758
EU448371/GBR/cow/2007/O	2007.0	0.1721774248996305	-0.0677570213990758
KJ560289/GBR/cattle/2007/O	2007.0	0.1721774248996305	-0.0677570213990758
JX570646/GBR/cattle/2007/O	2007.0	0.1721774248996305	-0.0677570213990758
JX869188/GBR/sheep/1968/O	1968.0	0.1721774248996305	0.021525593770538864
KJ560281/GBR/cattle/2007/O	2007.0	0.1721774248996305	-0.0677570213990758
JX570650/GBR/cattle/2007/O	2007.0	0.1721774248996305	-0.0677570213990758
JX570645/GBR/cattle/2007/O	2007.0	0.1721774248996305	-0.0677570213990758
KJ560286/GBR/cattle/2007/O	2007.0	0.1721774248996305	-0.0677570213990758
JX570651/GBR/cattle/2007/O	2007.0	0.1721774248996305	-0.0677570213990758
KJ560285/GBR/cattle/2007/O	2007.0	0.1721774248996305	-0.0677570213990758
KJ560291/GBR/cattle/2007/O	2007.0	0.1721774248996305	-0.0677570213990758
KJ560280/GBR/cattle/2007/O	2007.0	0.1721774248996305	-0.0677570213990758
EU448376/GBR/cow/2007/O	2007.0	0.1721774248996305	-0.0677570213990758
JX570647/GBR/cattle/2007/O	2007.0	0.1721774248996305	-0.0677570213990758
JX570638/GBR/cattle/2007/O	2007.0	0.1721774248996305	-0.0677570213990758
JX570641/GBR/cattle/2007/O	2007.0	0.1721774248996305	-0.0677570213990758
JX869187/GBR/cattle/1968/O	1968.0	0.1721774248996305	0.021525593770538864
KJ560300/GBR/sheep/2007/O	2007.0	0.1734458610996305	-0.0664885851990758
KJ560296/GBR/cattle/2007/O	2007.0	0.1734414791996305	-0.06649296709907582
KJ560297/GBR/sheep/2007/O	2007.0	0.17344455189963048	-0.06648989439907582
KJ560298/GBR/sheep/2007/O	2007.0	0.1759968630996305	-0.0639375831990758
JX869184/GBR/cattle/1968/O	1968.0	0.1759883435996305	0.025336512470538863
JX869186/GBR/cattle/1968/O	1968.0	0.1747041090996305	0.024052277970538855
JX869180/GBR/cattle/1967/O	1967.0	0.1734393004996305	0.025076767195400723
AY593817/BEL/Unknown/1973/O	1973.0	0.1760701446996305	0.01397182444622952
JX869178/GBR/cattle/1967/O	1967.0	0.1827688097996305	0.034406276495400734
JX869177/GBR/cattle/1967/O	1967.0	0.17476447279963048	0.026401939495400706
AY593830/POL/Unknown/1959/O	1959.0	0.1695840536996305	0.03953590299429657
AY593820/ARG/Unknown/1964/O	1964.0	0.1695860478996305	0.028091408069986334
AY593837/URY/Unknown/1963/O	1963.0	0.1683077637996305	0.029102421794849093
AY593818/ARG/Unknown/1958/O	1958.0	0.1682997909996305	0.04054093811915843
NC_039210/GBR/Unknown/1965/O	1965.0	0.1955770942996305	0.05179315664512446
AY593829/GBR/Unknown/1965/O	1965.0	0.1955759811996305	0.051792043545124455
AY593827/VEN/Unknown/1971/O	1971.0	0.2097483177996305	0.05222859319595324
AY593826/ITA/Unknown/1947/O	1947.0	0.2115458224996305	0.108969245692639
AY593825/ARG/Unknown/1939/O	1939.0	0.18390001149963048	0.09963781729153481
AY593821/ARG/Unknown/1967/O	1967.0	0.1779680850996305	0.029605551795400725
ON868623/VNM/pig/2017/O	2017.0	0.26512901600036953	0.002301591453044538
MN250314/VNM/pig/2017/O	2017.0	0.2651287514003695	0.0023013268530445163
OK318535/VNM/pig/2019/O	2019.0	0.27458628240036953	0.0071802622033207975
MN250318/VNM/pig/2019/O	2019.0	0.27458628240036953	0.0071802622033207975
OK318513/VNM/pig/2018/O	2018.0	0.27327090910036955	0.008154186728182689
MN250315/VNM/pig/2018/O	2018.0	0.27327118270036954	0.008154460328182678
OK318515/VNM/pig/2018/O	2018.0	0.26890935370036956	0.003792631328182694
MN250316/VNM/pig/2018/O	2018.0	0.26891072810036953	0.00379400572818267
OK318521/VNM/pig/2018/O	2018.0	0.27828549110036954	0.013168768728182678
MN250317/VNM/pig/2018/O	2018.0	0.2782854828003695	0.013168760428182658
ON868622/VNM/pig/2017/O	2017.0	0.2846147828003695	0.02178735825304451
KU204894/CHN/pig/2013/O	2013.0	0.2437572828003695	-0.009912950447508007
KU204893/CHN/pig/2013/O	2013.0	0.26713261620036954	0.013462382952492025
AY317098/Unknown/Unknown/2002/O	2002.0	0.1882642895003695	-0.04022366767402746
EU400597/CHN/Unknown/2001/O	2001.0	0.1925175769003695	-0.033681082449164707
EF175732/CHN/Unknown/1999/O	1999.0	0.1922614684003695	-0.02935859529944096
HQ632771/MYS/pig/2005/O	2005.0	0.2244772373003695	-0.010878613348613064
AY593835/TWN/Unknown/1997/O	1997.0	0.1809199902003695	-0.036121477849717226
AF026168/TWN/Unknown/1997/O	1997.0	0.1902249140003695	-0.026816554049717223
AY593833/TWN/Unknown/1999/O	1999.0	0.1822093765003695	-0.039410687199440964
AY686687/Unknown/Unknown/2001/O	2001.0	0.1793519135003695	-0.046846745849164706
KY072818/CHN/cattle/1959/O	1959.0	0.1080758694003695	-0.021972281304964425
AF511039/Unknown/Unknown/1958/O	1958.0	0.0995720748003695	-0.02818677808010256
AY593813/IDN/Unknown/1962/O	1962.0	0.1445967023996305	0.007680658219710951
AY593834/IRN/Unknown/1966/O	1966.0	0.1838449376996305	0.037771702220262604
KP940473/EGY/cattle/2014/O	2014.0	0.1941680261996305	-0.06179150487310889
AY593823/TUR/Unknown/1969/O	1969.0	0.1706553410996305	0.017714212145676977
HM229661/HKG/pig/2010/O	2010.0	0.27259360759963047	0.02579126782633856
MN389541/CHN/pig/2010/O	2010.0	0.2739301218996305	0.027127782126338595
JQ900581/CHN/pig/2010/O	2010.0	0.2673974501996305	0.020595110426338603
JN998086/CHN/cattle/2010/O	2010.0	0.2648328747996305	0.018030535026338612
HM055510/VNM/Unknown/2009/O	2009.0	0.2635517831996305	0.019038741251200475
JQ973889/CHN/cow/2010/O	2010.0	0.2686877881996305	0.021885448426338605
KF112886/KOR/cattle/2010/O	2010.0	0.2699515167996305	0.023149177026338563
ON868620/VNM/pig/2019/O	2019.0	0.3239187422996305	0.05651272210258179
OK318520/VNM/pig/2018/O	2018.0	0.32391751619963055	0.05880079382744369
ON868604/VNM/pig/2018/O	2018.0	0.3239174520996305	0.05880072972744366
ON868601/VNM/pig/2018/O	2018.0	0.3239161765996305	0.05879945422744365
ON868619/VNM/pig/2019/O	2019.0	0.32778499299963054	0.06037897280258181
OK318522/VNM/pig/2018/O	2018.0	0.32650288049963055	0.06138615812744369
OK318531/VNM/pig/2018/O	2018.0	0.3239275418996305	0.05881081952744366
OK318529/VNM/pig/2018/O	2018.0	0.32521299189963054	0.06009626952744368
OK318527/VNM/pig/2018/O	2018.0	0.32521173119963054	0.060095008827443674
ON868610/VNM/pig/2019/O	2019.0	0.3239249413996305	0.056518921202581784
ON868609/VNM/pig/2019/O	2019.0	0.3239249413996305	0.056518921202581784
ON868612/VNM/pig/2019/O	2019.0	0.32392266809963055	0.05651664790258182
OK318511/VNM/pig/2018/O	2018.0	0.3252011486996305	0.06008442632744365
ON868618/VNM/pig/2019/O	2019.0	0.32392413469963055	0.05651811450258182
ON868614/VNM/pig/2019/O	2019.0	0.3239227365996305	0.05651671640258177
ON868616/VNM/pig/2018/O	2018.0	0.3239257705996305	0.05880904822744365
OK318534/VNM/pig/2019/O	2019.0	0.3239257705996305	0.05651975040258178
ON868606/VNM/pig/2019/O	2019.0	0.32779505059963054	0.06038903040258181
ON868597/VNM/pig/2019/O	2019.0	0.32778169369963056	0.06037567350258183
ON868591/VNM/pig/2019/O	2019.0	0.3264885816996305	0.05908256150258179
OK318538/VNM/pig/2019/O	2019.0	0.32520894509963055	0.05780292490258182
OK318524/VNM/pig/2018/O	2018.0	0.3252023898996305	0.060085667527443654
ON868615/VNM/pig/2018/O	2018.0	0.32392007019963054	0.058803347827443675
ON868603/VNM/pig/2018/O	2018.0	0.32391985739963053	0.058803135027443665
ON868593/VNM/pig/2018/O	2018.0	0.3239210485996305	0.05880432622744364
ON868611/VNM/pig/2018/O	2018.0	0.32392140609963055	0.058804683727443685
OK318512/VNM/pig/2018/O	2018.0	0.32392140609963055	0.058804683727443685
OK318543/VNM/pig/2019/O	2019.0	0.32391984869963053	0.0565138285025818
ON868590/VNM/pig/2019/O	2019.0	0.32392076329963054	0.05651474310258181
OK318533/VNM/pig/2019/O	2019.0	0.3239199645996305	0.056513944402581784
ON868599/VNM/pig/2019/O	2019.0	0.32263467419963054	0.05522865400258181
ON868617/VNM/pig/2019/O	2019.0	0.32263267419963054	0.05522665400258181
OK318525/VNM/pig/2018/O	2018.0	0.32263267419963054	0.05751595182744368
OK318540/VNM/pig/2019/O	2019.0	0.32263267419963054	0.05522665400258181
OK318528/VNM/pig/2018/O	2018.0	0.32263267419963054	0.05751595182744368
OK318541/VNM/pig/2019/O	2019.0	0.32263267419963054	0.05522665400258181
OK318530/VNM/pig/2018/O	2018.0	0.32263267419963054	0.05751595182744368
ON868596/VNM/pig/2018/O	2018.0	0.32263267419963054	0.05751595182744368
ON868589/VNM/pig/2019/O	2019.0	0.32263267419963054	0.05522665400258181
ON868594/VNM/pig/2019/O	2019.0	0.32263267419963054	0.05522665400258181
OK318539/VNM/pig/2019/O	2019.0	0.32263267419963054	0.05522665400258181
ON868595/VNM/pig/2018/O	2018.0	0.32263267419963054	0.05751595182744368
OK318537/VNM/pig/2019/O	2019.0	0.32390946199963055	0.05650344180258182
ON868605/VNM/pig/2019/O	2019.0	0.3251866865996305	0.05778066640258178
ON868602/VNM/pig/2019/O	2019.0	0.32390841779963053	0.0565023976025818
ON868613/VNM/pig/2019/O	2019.0	0.3239266365996305	0.05652061640258177
ON868608/VNM/pig/2019/O	2019.0	0.32263498009963054	0.05522895990258181
ON868607/VNM/pig/2019/O	2019.0	0.32135237899963054	0.053946358802581806
OK318542/VNM/pig/2019/O	2019.0	0.32135237899963054	0.053946358802581806
OK318532/VNM/pig/2018/O	2018.0	0.32135237899963054	0.056235656627443675
ON868598/VNM/pig/2018/O	2018.0	0.32135237899963054	0.056235656627443675
ON868592/VNM/pig/2018/O	2018.0	0.32135237899963054	0.056235656627443675
ON868600/VNM/pig/2018/O	2018.0	0.3213496138996305	0.05623289152744365
MH845413/VNM/pig/2014/O	2014.0	0.3025697071996305	0.04661017612689111
KX534089/KOR/pig/2016/O	2016.0	0.2979639777996305	0.037425851077167394
KY086465/KOR/pig/2016/O	2016.0	0.2979639777996305	0.037425851077167394
KY086466/KOR/pig/2016/O	2016.0	0.3019985912996305	0.0414604645771674
KX162590/KOR/pig/2014/O	2014.0	0.2914167075996305	0.03545717652689112
LC149720/JPN/pig/2010/O	2010.0	0.2751090810996305	0.02830674132633859
LC149710/JPN/cow/2010/O	2010.0	0.2738280926996305	0.027025752926338575
LC149666/JPN/cow/2010/O	2010.0	0.2738280926996305	0.027025752926338575
LC149716/JPN/cow/2010/O	2010.0	0.2725510713996305	0.02574873162633856
LC149712/JPN/cow/2010/O	2010.0	0.2751170907996305	0.02831475102633857
LC149670/JPN/cow/2010/O	2010.0	0.2751084755996305	0.028306135826338563
LC149646/JPN/pig/2010/O	2010.0	0.2751084998996305	0.028306160126338575
LC149698/JPN/cow/2010/O	2010.0	0.2738323707996305	0.027030031026338608
LC149700/JPN/cow/2010/O	2010.0	0.2738334857996305	0.027031146026338604
LC149649/JPN/pig/2010/O	2010.0	0.2738334857996305	0.027031146026338604
LC149664/JPN/cow/2010/O	2010.0	0.2738334857996305	0.027031146026338604
LC149658/JPN/pig/2010/O	2010.0	0.2738334857996305	0.027031146026338604
LC149632/JPN/pig/2010/O	2010.0	0.2738334857996305	0.027031146026338604
LC149636/JPN/cow/2010/O	2010.0	0.2738334857996305	0.027031146026338604
LC149665/JPN/cow/2010/O	2010.0	0.2738334857996305	0.027031146026338604
LC149672/JPN/cow/2010/O	2010.0	0.2738334857996305	0.027031146026338604
LC149642/JPN/cow/2010/O	2010.0	0.2751089290996305	0.02830658932633856
LC149624/JPN/pig/2010/O	2010.0	0.2751098200996305	0.028307480326338563
LC149618/JPN/cow/2010/O	2010.0	0.2751096139996305	0.028307274226338608
LC149705/JPN/cow/2010/O	2010.0	0.2751031226996305	0.028300782926338586
LC149628/JPN/pig/2010/O	2010.0	0.2751031226996305	0.028300782926338586
LC149637/JPN/pig/2010/O	2010.0	0.2751031226996305	0.028300782926338586
LC149653/JPN/pig/2010/O	2010.0	0.2751029482996305	0.02830060852633859
LC149631/JPN/cow/2010/O	2010.0	0.2751045058996305	0.028302166126338568
LC149625/JPN/cow/2010/O	2010.0	0.2738280990996305	0.027025759326338605
LC149686/JPN/cow/2010/O	2010.0	0.2738294913996305	0.027027151626338564
LC149717/JPN/cow/2010/O	2010.0	0.2738240908996305	0.02702175112633859
LC149707/JPN/cow/2010/O	2010.0	0.2738252898996305	0.027022950126338596
LC149671/JPN/cow/2010/O	2010.0	0.2738231035996305	0.027020763826338612
LC149660/JPN/cow/2010/O	2010.0	0.2738245833996305	0.027022243626338593
LC149651/JPN/cow/2010/O	2010.0	0.2738225115996305	0.02702017182633859
LC149719/JPN/cow/2010/O	2010.0	0.2725469329996305	0.025744593226338597
LC149677/JPN/cow/2010/O	2010.0	0.2725469329996305	0.025744593226338597
LC149648/JPN/cow/2010/O	2010.0	0.2725469329996305	0.025744593226338597
LC149681/JPN/cow/2010/O	2010.0	0.2725469329996305	0.025744593226338597
LC036265/JPN/cattle/2010/O	2010.0	0.2725469329996305	0.025744593226338597
LC149679/JPN/pig/2010/O	2010.0	0.2725469329996305	0.025744593226338597
LC149694/JPN/cow/2010/O	2010.0	0.2725469329996305	0.025744593226338597
LC149699/JPN/cow/2010/O	2010.0	0.2725469329996305	0.025744593226338597
LC149706/JPN/cow/2010/O	2010.0	0.2725469329996305	0.025744593226338597
LC149667/JPN/cow/2010/O	2010.0	0.2725469329996305	0.025744593226338597
LC149657/JPN/pig/2010/O	2010.0	0.2725469329996305	0.025744593226338597
LC149638/JPN/cow/2010/O	2010.0	0.2725469329996305	0.025744593226338597
LC149650/JPN/cow/2010/O	2010.0	0.2725469329996305	0.025744593226338597
LC149629/JPN/cow/2010/O	2010.0	0.2725469329996305	0.025744593226338597
LC149661/JPN/cow/2010/O	2010.0	0.2725469329996305	0.025744593226338597
LC149688/JPN/pig/2010/O	2010.0	0.2725469329996305	0.025744593226338597
LC149627/JPN/pig/2010/O	2010.0	0.2725469329996305	0.025744593226338597
LC149620/JPN/cow/2010/O	2010.0	0.2725469329996305	0.025744593226338597
LC149708/JPN/cow/2010/O	2010.0	0.2725469329996305	0.025744593226338597
LC149711/JPN/cow/2010/O	2010.0	0.2725469329996305	0.025744593226338597
LC149684/JPN/pig/2010/O	2010.0	0.2725469329996305	0.025744593226338597
LC149621/JPN/wild-water-buffalo/2010/O	2010.0	0.2725469329996305	0.025744593226338597
LC149695/JPN/cow/2010/O	2010.0	0.2725469329996305	0.025744593226338597
LC149675/JPN/cow/2010/O	2010.0	0.2725469329996305	0.025744593226338597
LC149669/JPN/cow/2010/O	2010.0	0.2725469329996305	0.025744593226338597
LC149713/JPN/cow/2010/O	2010.0	0.2725469329996305	0.025744593226338597
LC149704/JPN/cow/2010/O	2010.0	0.2725469329996305	0.025744593226338597
LC149654/JPN/cow/2010/O	2010.0	0.2725469329996305	0.025744593226338597
LC149619/JPN/cow/2010/O	2010.0	0.2725469329996305	0.025744593226338597
LC149641/JPN/pig/2010/O	2010.0	0.2725469329996305	0.025744593226338597
LC149626/JPN/cow/2010/O	2010.0	0.2725469329996305	0.025744593226338597
LC149685/JPN/cow/2010/O	2010.0	0.2725469329996305	0.025744593226338597
LC149689/JPN/cow/2010/O	2010.0	0.2725469329996305	0.025744593226338597
LC149702/JPN/pig/2010/O	2010.0	0.2725469329996305	0.025744593226338597
LC149693/JPN/cow/2010/O	2010.0	0.2725469329996305	0.025744593226338597
LC149622/JPN/cow/2010/O	2010.0	0.2725469329996305	0.025744593226338597
LC149645/JPN/cow/2010/O	2010.0	0.2725469329996305	0.025744593226338597
LC149652/JPN/pig/2010/O	2010.0	0.2725469329996305	0.025744593226338597
LC149687/JPN/cow/2010/O	2010.0	0.2725469329996305	0.025744593226338597
LC149659/JPN/cow/2010/O	2010.0	0.2725469329996305	0.025744593226338597
LC149633/JPN/pig/2010/O	2010.0	0.2725469329996305	0.025744593226338597
LC149655/JPN/cow/2010/O	2010.0	0.2725469329996305	0.025744593226338597
LC149709/JPN/cow/2010/O	2010.0	0.2725469329996305	0.025744593226338597
LC149680/JPN/cow/2010/O	2010.0	0.2725469329996305	0.025744593226338597
LC149647/JPN/cow/2010/O	2010.0	0.2725469329996305	0.025744593226338597
LC149668/JPN/cow/2010/O	2010.0	0.2725469329996305	0.025744593226338597
LC149656/JPN/cow/2010/O	2010.0	0.2725469329996305	0.025744593226338597
LC149718/JPN/cow/2010/O	2010.0	0.2738260686996305	0.027023728926338586
LC149634/JPN/pig/2010/O	2010.0	0.2738260686996305	0.027023728926338586
LC149663/JPN/cow/2010/O	2010.0	0.2738268509996305	0.027024511226338588
LC149697/JPN/pig/2010/O	2010.0	0.2738239411996305	0.027021601426338582
LC149696/JPN/cow/2010/O	2010.0	0.2738233998996305	0.027021060126338592
LC149692/JPN/pig/2010/O	2010.0	0.2738248713996305	0.02702253162633861
LC149674/JPN/cow/2010/O	2010.0	0.2738263704996305	0.027024030726338577
LC149639/JPN/pig/2010/O	2010.0	0.2750997559996305	0.02829741622633858
LC149623/JPN/cow/2010/O	2010.0	0.2738260742996305	0.027023734526338605
LC149682/JPN/cow/2010/O	2010.0	0.2738296895996305	0.027027349826338587
LC149673/JPN/cow/2010/O	2010.0	0.2738296895996305	0.027027349826338587
LC149676/JPN/pig/2010/O	2010.0	0.2751083984996305	0.028306058726338568
LC149643/JPN/pig/2010/O	2010.0	0.2751102233996305	0.02830788362633857
LC149640/JPN/cow/2010/O	2010.0	0.2738257660996305	0.027023426326338584
LC149683/JPN/cow/2010/O	2010.0	0.2738206853996305	0.02701834562633859
LC149690/JPN/pig/2010/O	2010.0	0.2738191061996305	0.0270167664263386
LC149644/JPN/cow/2010/O	2010.0	0.2738183019996305	0.027015962226338563
KF112885/JPN/cattle/2010/O	2010.0	0.2712674013996305	0.024465061626338602
LC149617/JPN/cow/2010/O	2010.0	0.2738296205996305	0.027027280826338596
JN998085/CHN/pig/2010/O	2010.0	0.2712437249996305	0.024441385226338597
KF112889/HKG/pig/2010/O	2010.0	0.2673888388996305	0.020586499126338587
KF112888/KOR/cattle/2011/O	2011.0	0.2712360092996305	0.022144371701476706
KF112887/KOR/pig/2010/O	2010.0	0.2725159599996305	0.025713620226338607
KF112883/RUS/pig/2010/O	2010.0	0.2738332113996305	0.027030871626338604
KF112880/MMR/cattle/2009/O	2009.0	0.2598636786996305	0.015350636751200464
KF112879/THA/pig/2009/O	2009.0	0.2663852564996305	0.021872214551200475
KY444649/THA/pig/2016/O	2016.0	0.2724887948996305	0.01195066817716739
KY444648/THA/pig/2016/O	2016.0	0.2712074282996305	0.01066930157716739
KY444646/THA/pig/2016/O	2016.0	0.2712074282996305	0.01066930157716739
KY444647/THA/pig/2016/O	2016.0	0.2699390138996305	0.00940088717716736
KY444645/THA/pig/2016/O	2016.0	0.2699390138996305	0.00940088717716736
KY322672/MYS/cattle/2014/O	2014.0	0.2672751370996305	0.011315606026891134
OK318551/VNM/cattle/2016/O	2016.0	0.3102169724996305	0.04967884577716736
OK318546/VNM/buffalo/2017/O	2017.0	0.32870589209963047	0.06587846755230548
KY322671/MYS/cattle/2014/O	2014.0	0.2931069346996305	0.03714740362689112
KY322670/LAO/cattle/2013/O	2013.0	0.28409946189963053	0.030429228651753015
KF112884/RUS/cattle/2010/O	2010.0	0.2724505932996305	0.025648253526338594
KF112882/MNG/cattle/2010/O	2010.0	0.2736937385996305	0.026891398826338564
KF112881/MNG/cattle/2010/O	2010.0	0.2762086710996305	0.029406331326338575
GU582116/VNM/Unknown/2009/O	2009.0	0.2686887189996305	0.02417567705120044
GU582115/VNM/Unknown/2009/O	2009.0	0.2690905702996305	0.024577528351200473
HQ632772/MYS/cattle/2007/O	2007.0	0.24857795679963052	0.008643510500924212
KY322673/MYS/cattle/2014/O	2014.0	0.3056063792996305	0.04964684822689114
KY444644/THA/pig/2013/O	2013.0	0.2722815880996305	0.01861135485175297
GU125650/VNM/cattle/2006/O	2006.0	0.2500314162996305	0.012386267825786057
GU125649/VNM/cattle/2006/O	2006.0	0.2481663608996305	0.010521212425786075
GU125647/VNM/cattle/2006/O	2006.0	0.2481663608996305	0.010521212425786075
GU125648/VNM/buffalo/2006/O	2006.0	0.2481663608996305	0.010521212425786075
HQ632769/MYS/cattle/2001/O	2001.0	0.2273947863996305	0.0011961270500963073
AY593828/IND/Unknown/1962/O	1962.0	0.1670775279996305	0.030161483819710955
AY593812/PHL/Unknown/1958/O	1958.0	0.18773877899963048	0.05997992611915842
AY593811/PHL/Unknown/1958/O	1958.0	0.1877372634996305	0.05997841061915843
KY446903/PAK/water-buffalo/2005/O	2005.0	0.1962801478996305	-0.03907570274935207
KU726614/GRC/sheep/1994/O	1994.0	0.21398402259963048	0.0038104480241293592
OP751924/IDN/cattle/2022/O	2022.0	0.2746338325996305	3.599189279952508E-4
OP585403/IDN/cattle/2022/O	2022.0	0.2746345410996305	3.606274279952526E-4
MF461724/CHN/cattle/2017/O	2017.0	0.2361259614996305	-0.026701463047694496
LC729871/THA/cow/2016/O	2016.0	0.2361223392996305	-0.024415787422832624
LC438822/MMR/cow/2016/O	2016.0	0.24009688149963052	-0.02044124522283261
LC729872/THA/pig/2016/O	2016.0	0.2400526933996305	-0.02048543332283262
LC729870/THA/cow/2016/O	2016.0	0.2374340455996305	-0.02310408112283263
MG983741/VNM/cattle/2016/O	2016.0	0.2374227985996305	-0.023115328122832624
MG983720/RUS/cattle/2016/O	2016.0	0.2361215881996305	-0.024416538522832626
MG983730/KOR/cattle/2017/O	2017.0	0.2400483350996305	-0.022779089447694495
LC320038/MNG/cow/2015/O	2015.0	0.23742617509963052	-0.02082265379797074
LC438823/MMR/cow/2016/O	2016.0	0.2387307803996305	-0.021807346322832627
MH891503/VNM/cow/2017/O	2017.0	0.2440772075996305	-0.018750216947694492
KX712091/BGD/pig/2015/O	2015.0	0.2309495480996305	-0.027299280797970754
MG983703/MMR/cattle/2016/O	2016.0	0.2335564372996305	-0.026981689422832633
MG983718/NPL/cattle/2015/O	2015.0	0.22963542559963052	-0.02861340329797074
MG983729/SAU/cattle/2016/O	2016.0	0.2335551043996305	-0.026983022322832617
MG983719/NPL/cattle/2015/O	2015.0	0.2335745803996305	-0.024674248497970758
MG983702/MUS/cattle/2016/O	2016.0	0.2309277733996305	-0.029610353322832628
MG983700/MUS/cattle/2016/O	2016.0	0.2309277733996305	-0.029610353322832628
MG983701/MUS/cattle/2016/O	2016.0	0.2309277733996305	-0.029610353322832628
MG983699/MUS/cattle/2016/O	2016.0	0.23092936739963052	-0.029608759322832606
MG983698/MUS/cattle/2016/O	2016.0	0.2296424357996305	-0.03089569092283262
MG983739/ARE/cattle/2016/O	2016.0	0.2296640472996305	-0.03087407942283263
MG983738/ARE/cattle/2016/O	2016.0	0.2309497375996305	-0.029588389122832626
MG983691/BTN/cattle/2016/O	2016.0	0.23228477169963052	-0.028253355022832605
MN953620/PAK/cattle/2019/O	2019.0	0.2530579634996305	-0.014348056697418232
MN953619/PAK/cattle/2019/O	2019.0	0.25305843939963046	-0.014347580797418269
MG983728/SAU/cattle/2016/O	2016.0	0.23263233869963051	-0.02790578802283261
MG983727/SAU/cattle/2015/O	2015.0	0.23263536489963052	-0.025613463997970737
MG983710/NPL/water-buffalo/2012/O	2012.0	0.22528020559963047	-0.026100729823385183
MG983689/BTN/cattle/2012/O	2012.0	0.21870003939963048	-0.03268089602338517
MG983707/NPL/water-buffalo/2012/O	2012.0	0.21999855539963048	-0.03138238002338517
MN983156/IND/cattle/2008/O	2008.0	0.2110181380996305	-0.031205606023937682
MG983704/NPL/cattle/2008/O	2008.0	0.20686516059963048	-0.0353585835239377
KF985189/BGD/cattle/2013/O	2013.0	0.2190396287996305	-0.03463060444824703
OM160625/DZA/sheep/2015/O	2015.0	0.24375089669963051	-0.014497932197970742
KU291242/MAR/cow/2015/O	2015.0	0.25041782129963047	-0.007831007597970785
OM160624/DZA/cattle/2014/O	2014.0	0.2437107293996305	-0.012248801673108878
OM160621/DZA/cattle/2014/O	2014.0	0.2450186979996305	-0.010940833073108891
MG983683/DZA/unknown/2014/O	2014.0	0.2450204936996305	-0.01093903737310889
OM160623/DZA/cattle/2014/O	2014.0	0.24241532479963052	-0.013544206273108872
OM160622/DZA/cattle/2014/O	2014.0	0.24241532479963052	-0.013544206273108872
OM160616/TUN/cattle/2014/O	2014.0	0.24372022719963052	-0.01223930387310887
OM160611/TUN/cattle/2014/O	2014.0	0.2424147304996305	-0.01354480057310889
OM160610/TUN/cattle/2014/O	2014.0	0.2411174405996305	-0.014842090473108888
MG983735/TUN/unknown/2014/O	2014.0	0.2411174405996305	-0.014842090473108888
OM160617/TUN/cattle/2014/O	2014.0	0.2463546192996305	-0.009604911773108876
OM160614/TUN/cattle/2014/O	2014.0	0.2463458943996305	-0.009613636673108883
OM160612/TUN/cattle/2014/O	2014.0	0.24110662409963052	-0.01485290697310887
OM160619/TUN/cattle/2014/O	2014.0	0.2411063012996305	-0.014853229773108878
OM160618/TUN/cattle/2014/O	2014.0	0.24110820909963052	-0.014851321973108872
OM160620/TUN/cattle/2014/O	2014.0	0.2398037247996305	-0.01615580627310889
OM160613/TUN/cattle/2014/O	2014.0	0.2411098606996305	-0.014849670373108886
OM160615/TUN/cattle/2014/O	2014.0	0.23589846799963052	-0.02006106307310887
MG983695/LBY/cattle/2013/O	2013.0	0.2358925499996305	-0.017777683248247023
MG983696/LBY/cattle/2013/O	2013.0	0.2345886382996305	-0.019081594948247016
MG983697/LBY/cattle/2013/O	2013.0	0.2371946293996305	-0.016475603848247006
MG983694/LBY/cattle/2013/O	2013.0	0.2332867191996305	-0.02038351404824701
KJ206909/LBY/cattle/2013/O	2013.0	0.2345888401996305	-0.01908139304824702
MG983726/SAU/cattle/2014/O	2014.0	0.23587277529963052	-0.020086755773108866
MG983725/SAU/cattle/2014/O	2014.0	0.2318830613996305	-0.02407646967310889
MG983724/SAU/cattle/2013/O	2013.0	0.23451395399963051	-0.019156279248247005
MG983723/SAU/cattle/2013/O	2013.0	0.2332147323996305	-0.020455500848247016
KJ825802/IND/cattle/2013/O	2013.0	0.2292666308996305	-0.02440360234824701
MG983722/SAU/cattle/2013/O	2013.0	0.23318966009963052	-0.020480573148247
MG983721/SAU/cattle/2013/O	2013.0	0.2331942588996305	-0.020475974348247022
KJ206910/SAU/cattle/2013/O	2013.0	0.2345049166996305	-0.01916531654824702
MN095355/IND/cattle/2013/O	2013.0	0.23190725159963052	-0.021762981648247
MN095371/IND/cattle/2014/O	2014.0	0.2304341081996305	-0.025525422873108883
MN095367/IND/cattle/2014/O	2014.0	0.2304341081996305	-0.025525422873108883
MN095364/IND/cattle/2014/O	2014.0	0.2304341081996305	-0.025525422873108883
MN095369/IND/cattle/2014/O	2014.0	0.2304341081996305	-0.025525422873108883
MN095365/IND/cattle/2014/O	2014.0	0.2304341081996305	-0.025525422873108883
MN095368/IND/cattle/2014/O	2014.0	0.2304341081996305	-0.025525422873108883
MN095366/IND/cattle/2014/O	2014.0	0.2304341081996305	-0.025525422873108883
MN095370/IND/cattle/2014/O	2014.0	0.2304339899996305	-0.025525541073108893
MN095354/IND/cattle/2013/O	2013.0	0.2329890070996305	-0.020681226148247023
KJ825806/IND/cattle/2013/O	2013.0	0.23687773359963052	-0.016792499648247
KJ825805/IND/cattle/2013/O	2013.0	0.2317104180996305	-0.02195981514824702
KJ825804/IND/cattle/2013/O	2013.0	0.2317105758996305	-0.021959657348247008
KJ825809/IND/buffalo/2013/O	2013.0	0.2329898111996305	-0.02068042204824702
KJ825807/IND/cattle/2014/O	2014.0	0.2381830845996305	-0.017776446473108887
MG983740/VNM/cattle/2015/O	2015.0	0.2434158723996305	-0.014832956497970756
MG983693/LAO/unknown/2015/O	2015.0	0.23954221599963052	-0.018706612897970737
KY657269/VNM/pig/2015/O	2015.0	0.2408213063996305	-0.01742752249797075
MG983690/BTN/cattle/2016/O	2016.0	0.2540542396996305	-0.006483887022832646
MG983686/BHR/cattle/2015/O	2015.0	0.2464478465996305	-0.011800982297970747
MG983711/NPL/cattle/2013/O	2013.0	0.24240155379963052	-0.011268679448246999
MG983731/LKA/cattle/2013/O	2013.0	0.2317162416996305	-0.02195399154824701
MG983716/NPL/cattle/2014/O	2014.0	0.2330244571996305	-0.02293507387310889
MN095363/IND/cattle/2013/O	2013.0	0.23429057939963052	-0.019379653848246997
MN095358/IND/cattle/2013/O	2013.0	0.23429057939963052	-0.019379653848246997
MN095360/IND/cattle/2013/O	2013.0	0.23429057939963052	-0.019379653848246997
MN095359/IND/cattle/2013/O	2013.0	0.23429057939963052	-0.019379653848246997
MN095361/IND/cattle/2013/O	2013.0	0.23429246119963051	-0.019377772048247005
MN095362/IND/cattle/2013/O	2013.0	0.2355659143996305	-0.01810431884824701
MN095357/IND/cattle/2013/O	2013.0	0.2368464126996305	-0.01682382054824702
MN095356/IND/cattle/2013/O	2013.0	0.2368464126996305	-0.01682382054824702
MG983714/NPL/pig/2013/O	2013.0	0.2355840773996305	-0.01808615584824702
MG983737/ARE/gazelle/2014/O	2014.0	0.2304383110996305	-0.025521219973108883
MG983736/ARE/gazelle/2014/O	2014.0	0.2304392344996305	-0.02552029657310889
MG983734/LKA/water-buffalo/2014/O	2014.0	0.2395688899996305	-0.01639064107310889
MG983733/LKA/cattle/2014/O	2014.0	0.23559012819963052	-0.02036940287310887
MG983732/LKA/cattle/2014/O	2014.0	0.2330059065996305	-0.02295362447310889
MG983715/NPL/cattle/2014/O	2014.0	0.23299700989963051	-0.022962521173108874
MG983685/BHR/cattle/2015/O	2015.0	0.2331098839996305	-0.02513894489797075
KJ825803/IND/cattle/2013/O	2013.0	0.2278439860996305	-0.025826247148247022
KJ825808/IND/cattle/2013/O	2013.0	0.2278519468996305	-0.02581828634824701
KJ825801/IND/cattle/2013/O	2013.0	0.2343243416996305	-0.019345891548247007
MG983709/NPL/cattle/2012/O	2012.0	0.22258598599963048	-0.028794949423385174
MG983708/NPL/cattle/2012/O	2012.0	0.22387010239963048	-0.027510833023385167
MG983717/NPL/cattle/2015/O	2015.0	0.2419202063996305	-0.016328622497970763
KJ206908/BTN/cattle/2013/O	2013.0	0.22369089929963049	-0.029979333948247033
MG983713/NPL/cattle/2013/O	2013.0	0.23370405369963052	-0.019966179548247004
MG983712/NPL/cattle/2013/O	2013.0	0.2322558951996305	-0.021414338048247022
MG983706/NPL/cattle/2010/O	2010.0	0.21617151339963048	-0.030630826373661435
MG983692/IRN/cattle/2009/O	2009.0	0.21349315229963048	-0.031019889648799565
MG983688/BTN/cattle/2009/O	2009.0	0.21085275719963048	-0.03366028474879956
MG983687/BTN/cattle/2009/O	2009.0	0.2069938905996305	-0.037519151348799545
MG983705/NPL/cattle/2010/O	2010.0	0.2082986905996305	-0.03850364917366142
MG983684/BGD/cattle/2009/O	2009.0	0.20441881349963048	-0.04009422844879956
MN983158/IND/cattle/2009/O	2009.0	0.21107369849963048	-0.03343934344879956
MK071699/BGD/cattle/2013/O	2013.0	0.21680090169963048	-0.036869331548247036
MN983155/IND/cattle/2008/O	2008.0	0.19322448789963048	-0.04899925622393769
MN983154/IND/cattle/2005/O	2005.0	0.19324101329963048	-0.04211483734935209
MN983153/IND/cattle/2001/O	2001.0	0.19356169239963048	-0.03263696694990373
MN983152/IND/cattle/1997/O	1997.0	0.2108961579996305	-0.0061453100504562375
MN983157/IND/cattle/2009/O	2009.0	0.19945094429963048	-0.045062097648799565
ON868588/VNM/water-buffalo/2018/O	2018.0	0.2753174532996305	0.010200730927443613
ON868587/VNM/cow/2017/O	2017.0	0.2582200287996305	-0.004607395747694476
ON868578/VNM/cow/2019/O	2019.0	0.2686706368996305	0.0012646167025817667
ON868572/VNM/cow/2019/O	2019.0	0.2791581483996305	0.011752128202581757
ON868561/VNM/cow/2019/O	2019.0	0.2634693981996305	-0.003936621997418233
ON868577/VNM/Unknown/2018/O	2018.0	0.2801871584996305	0.015070436127443632
OK318516/VNM/cattle/2018/O	2018.0	0.2749743662996305	0.009857643927443649
ON868536/VNM/cow/2018/O	2018.0	0.2672681101996305	0.0021513878274436182
ON868545/VNM/cow/2018/O	2018.0	0.2698501079996305	0.0047333856274436314
ON868546/VNM/Unknown/2018/O	2018.0	0.2724294715996305	0.007312749227443627
ON868531/VNM/Unknown/2018/O	2018.0	0.27625729819963046	0.0111405758274436
ON868530/VNM/Unknown/2018/O	2018.0	0.2749696140996305	0.009852891727443636
OK318544/VNM/cattle/2018/O	2018.0	0.2749695869996305	0.009852864627443614
ON868537/VNM/Unknown/2018/O	2018.0	0.2736693265996305	0.008552604227443639
ON868535/VNM/Unknown/2018/O	2018.0	0.27496292939963046	0.009846207027443599
ON868533/VNM/Unknown/2018/O	2018.0	0.27110894989963047	0.005992227527443605
OK318545/VNM/cattle/2018/O	2018.0	0.27110894989963047	0.005992227527443605
ON868532/VNM/Unknown/2018/O	2018.0	0.27110894989963047	0.005992227527443605
ON868534/VNM/Unknown/2018/O	2018.0	0.2749814608996305	0.009864738527443628
ON868564/VNM/cow/2018/O	2018.0	0.2737331917996305	0.008616469427443652
ON868523/VNM/cow/2017/O	2017.0	0.26599810389963047	0.003170679352305472
ON868519/VNM/cow/2017/O	2017.0	0.26599810389963047	0.003170679352305472
ON868522/VNM/cow/2017/O	2017.0	0.26599810389963047	0.003170679352305472
ON868520/VNM/cow/2017/O	2017.0	0.26725777599963046	0.00443035145230547
ON868571/VNM/cow/2018/O	2018.0	0.2750634009996305	0.00994667862744364
ON868566/VNM/cow/2018/O	2018.0	0.27110450849963047	0.005987786127443606
ON868529/VNM/cow/2018/O	2018.0	0.2698282606996305	0.004711538327443643
ON868542/VNM/pig/2018/O	2018.0	0.2659920646996305	8.753423274436289E-4
ON868573/VNM/Unknown/2019/O	2019.0	0.2723712439996305	0.004965223802581742
OK318518/VNM/goat/2018/O	2018.0	0.2723700425996305	0.007253320227443627
ON868570/VNM/Unknown/2019/O	2019.0	0.2800300901996305	0.012624070002581755
OK318536/VNM/cattle/2018/O	2018.0	0.2787668755996305	0.013650153227443618
ON868565/VNM/cow/2019/O	2019.0	0.2813520736996305	0.013946053502581768
OK318519/VNM/cattle/2018/O	2018.0	0.2723666075996305	0.007249885227443631
ON868552/VNM/pig/2019/O	2019.0	0.2749065231996305	0.00750050300258176
ON868528/VNM/pig/2018/O	2018.0	0.26726208059963047	0.0021453582274436056
ON868568/VNM/cow/2018/O	2018.0	0.2723742863996305	0.007257564027443653
OK318514/VNM/cattle/2018/O	2018.0	0.2698238853996305	0.004707163027443617
ON868525/VNM/water-buffalo/2018/O	2018.0	0.2685570478996305	0.0034403255274436106
ON868521/VNM/pig/2018/O	2018.0	0.2672638977996305	0.002147175427443637
ON868527/VNM/cow/2018/O	2018.0	0.2647208730996305	-3.9584927255637004E-4
ON868575/VNM/Unknown/2018/O	2018.0	0.28590950769963047	0.020792785327443608
ON868574/VNM/cow/2018/O	2018.0	0.2776829936996305	0.012566271327443646
ON868547/VNM/cow/2018/O	2018.0	0.2710851814996305	0.005968459127443648
ON868524/VNM/cow/2018/O	2018.0	0.2698132869996305	0.004696564627443611
OK318517/VNM/cattle/2018/O	2018.0	0.2751296840996305	0.010012961727443648
ON868555/VNM/cow/2018/O	2018.0	0.2724231198996305	0.007306397527443609
ON868551/VNM/cow/2018/O	2018.0	0.2737172755996305	0.00860055322744363
OK318526/VNM/buffalo/2018/O	2018.0	0.2842604373996305	0.01914371502744361
OK318523/VNM/pig/2018/O	2018.0	0.2804151080996305	0.01529838572744363
ON868567/VNM/water-buffalo/2018/O	2018.0	0.2737878660996305	0.008671143727443653
ON868569/VNM/water-buffalo/2018/O	2018.0	0.2763305138996305	0.011213791527443617
ON868563/VNM/water-buffalo/2018/O	2018.0	0.2804890191996305	0.015372296827443621
OK318547/VNM/cattle/2017/O	2017.0	0.2659958270996305	0.0031684025523054937
ON868539/VNM/cow/2018/O	2018.0	0.2685505863996305	0.0034338640274436116
ON868538/VNM/cow/2018/O	2018.0	0.2737865729996305	0.008669850627443632
ON868526/VNM/cow/2018/O	2018.0	0.2737738102996305	0.00865708792744363
ON868550/VNM/Unknown/2018/O	2018.0	0.2711522400996305	0.006035517727443651
ON868543/VNM/Unknown/2018/O	2018.0	0.26728278079963047	0.0021660584274436068
OK318548/VNM/buffalo/2017/O	2017.0	0.2659891132996305	0.0031616887523054915
ON868557/VNM/water-buffalo/2018/O	2018.0	0.2737633834996305	0.008646661127443611
ON868540/VNM/water-buffalo/2018/O	2018.0	0.27241053159963047	0.007293809227443604
ON868562/VNM/cow/2019/O	2019.0	0.2804407389996305	0.01303471880258178
ON868558/VNM/cow/2019/O	2019.0	0.2816062918996305	0.014200271702581757
ON868559/VNM/Unknown/2018/O	2018.0	0.2763836988996305	0.011266976527443628
ON868548/VNM/cow/2018/O	2018.0	0.2685510725996305	0.00343435022744365
ON868560/VNM/cow/2018/O	2018.0	0.26983538329963047	0.0047186609274436075
ON868541/VNM/Unknown/2018/O	2018.0	0.2725231893996305	0.007406467027443631
ON868549/VNM/cow/2018/O	2018.0	0.2672840619996305	0.002167339627443643
ON868544/VNM/Unknown/2018/O	2018.0	0.26725930369963047	0.0021425813274436045
ON868576/VNM/Unknown/2018/O	2018.0	0.27639519529963047	0.011278472927443606
ON868556/VNM/cow/2019/O	2019.0	0.2632587525996305	-0.004147267597418236
ON868586/VNM/cow/2017/O	2017.0	0.2758532887996305	0.013025864252305508
ON868585/VNM/Unknown/2018/O	2018.0	0.2789205720996305	0.01380384972744364
ON868584/VNM/cow/2017/O	2017.0	0.2739473071996305	0.011119882652305513
MF947137/VNM/buffalo/2012/O	2012.0	0.2521269004996305	7.459650766148407E-4
MF947127/VNM/buffalo/2012/O	2012.0	0.2521271444996305	7.462090766148233E-4
MF947129/VNM/pig/2014/O	2014.0	0.2561535464996305	1.940154268911254E-4
MF947124/VNM/cattle/2012/O	2012.0	0.2317696038996305	-0.01961133152338515
MF947128/VNM/cattle/2010/O	2010.0	0.2343248495996305	-0.012477490173661399
MF947126/VNM/pig/2011/O	2011.0	0.2382506725996305	-0.010840964998523273
MF947123/VNM/buffalo/2011/O	2011.0	0.23175266339963052	-0.01733897419852326
KY234501/CHN/cow/2011/O	2011.0	0.2343215468996305	-0.01477009069852328
MF143578/VNM/cattle/2013/O	2013.0	0.2440147256996305	-0.009655507548247011
MF143577/VNM/cattle/2013/O	2013.0	0.2398404822996305	-0.01382975094824701
MF143576/VNM/cattle/2013/O	2013.0	0.2372528885996305	-0.016417344648247012
MF143574/VNM/cattle/2012/O	2012.0	0.2417409395996305	-0.00963999582338515
MF143573/VNM/cattle/2012/O	2012.0	0.2466020288996305	-0.00477890652338514
MF143572/VNM/cattle/2012/O	2012.0	0.2478805957996305	-0.0035003396233851403
MF143575/VNM/cattle/2012/O	2012.0	0.23594551339963052	-0.015435422023385131
MF947143/VNM/cattle/2013/O	2013.0	0.22598480289963052	-0.027685430348246998
MF947132/VNM/buffalo/2015/O	2015.0	0.2475813607996305	-0.010667468097970756
KY234502/CHN/pig/2015/O	2015.0	0.2526455394996305	-0.005603289397970779
MF947131/VNM/pig/2013/O	2013.0	0.2273095854996305	-0.026360647748247007
ON868582/VNM/cow/2018/O	2018.0	0.24014823859963053	-0.024968483772556338
ON868581/VNM/cow/2018/O	2018.0	0.2348700494996305	-0.030246672872556363
ON868580/VNM/cow/2017/O	2017.0	0.2270286004996305	-0.035798824047694494
OK318550/VNM/cattle/2017/O	2017.0	0.2270286004996305	-0.035798824047694494
ON868579/VNM/cow/2017/O	2017.0	0.22578229129963048	-0.03704513324769451
OK318549/VNM/cattle/2017/O	2017.0	0.2270306233996305	-0.035796801147694485
ON868583/VNM/Unknown/2018/O	2018.0	0.23031612459963052	-0.03480059777255634
MT018551/ISR/cattle/2018/O	2018.0	0.2994640113996305	0.03434728902744366
MT018550/ISR/cattle/2018/O	2018.0	0.2953890047996305	0.03027228242744362
MT018549/ISR/cattle/2018/O	2018.0	0.2993371096996305	0.034220387327443647
MT018548/ISR/pig/2018/O	2018.0	0.3031925662996305	0.03807584392744362
OK019689/IRN/cow/2016/O	2016.0	0.28432854179963046	0.023790415077167337
MT944983/IRN/goat/2016/O	2016.0	0.2817486504996305	0.021210523777167367
MT944982/IRN/goat/2016/O	2016.0	0.2817486504996305	0.021210523777167367
MT944981/IRN/dog/2016/O	2016.0	0.28174752039963047	0.021209393677167343
OM456136/PAK/buffalo/2012/O	2012.0	0.26200931539963046	0.01062837997661481
KC440883/EGY/Unknown/2011/O	2011.0	0.26353138089963046	0.014439743301476682
FJ175666/ISR/cattle/2007/O	2007.0	0.2381014941996305	-0.001832952099075802
OQ211386/Unknown/cattle/2007/O	2007.0	0.2381018340996305	-0.0018326121990757949
FJ175663/ISR/cattle/2007/O	2007.0	0.2393852192996305	-5.492269990758081E-4
FJ175664/ISR/cattle/2007/O	2007.0	0.23682182479963051	-0.0031126214990757906
OQ211382/Unknown/gazelle/2007/O	2007.0	0.23682182479963051	-0.0031126214990757906
OQ211370/Unknown/cattle/2007/O	2007.0	0.23682182479963051	-0.0031126214990757906
OQ211391/Unknown/cattle/2007/O	2007.0	0.23682182479963051	-0.0031126214990757906
OQ211355/Unknown/cattle/2007/O	2007.0	0.23682182479963051	-0.0031126214990757906
OQ211392/Unknown/cattle/2007/O	2007.0	0.23682182479963051	-0.0031126214990757906
OQ211381/Unknown/gazelle/2007/O	2007.0	0.23682182479963051	-0.0031126214990757906
OQ211398/Unknown/gazelle/2007/O	2007.0	0.23682182479963051	-0.0031126214990757906
OQ211399/Unknown/gazelle/2007/O	2007.0	0.24068055339963051	7.461071009242093E-4
OQ211383/Unknown/gazelle/2007/O	2007.0	0.2393728219996305	-5.616242990758025E-4
OQ211390/Unknown/cattle/2007/O	2007.0	0.2380916754996305	-0.001842770799075799
OQ211407/Unknown/sheep/2007/O	2007.0	0.2393601216996305	-5.743245990758039E-4
OQ211375/Unknown/sheep/2007/O	2007.0	0.2393601216996305	-5.743245990758039E-4
OQ211367/Unknown/sheep/2007/O	2007.0	0.2406396083996305	7.051621009241948E-4
OQ211361/Unknown/sheep/2007/O	2007.0	0.24324763609963052	0.00331318980092421
OQ211366/Unknown/sheep/2007/O	2007.0	0.2393679399996305	-5.665062990758141E-4
OQ211406/Unknown/sheep/2007/O	2007.0	0.2380955360996305	-0.0018389101990758105
OQ211349/Unknown/sheep/2007/O	2007.0	0.2380955360996305	-0.0018389101990758105
OQ211397/Unknown/sheep/2007/O	2007.0	0.2406552051996305	7.207589009241844E-4
OQ211384/Unknown/cattle/2007/O	2007.0	0.2406552051996305	7.207589009241844E-4
OQ211373/Unknown/goat/2007/O	2007.0	0.2380992300996305	-0.001835216199075812
OQ211372/Unknown/goat/2007/O	2007.0	0.2380992300996305	-0.001835216199075812
OQ211371/Unknown/goat/2007/O	2007.0	0.2393734904996305	-5.609557990758074E-4
OQ211388/Unknown/sheep/2007/O	2007.0	0.23681838779963052	-0.0031160584990757856
OQ211387/Unknown/cattle/2007/O	2007.0	0.2380988632996305	-0.0018355829990757966
OQ211362/Unknown/sheep/2007/O	2007.0	0.2380987933996305	-0.001835652899075807
OQ211360/Unknown/cattle/2007/O	2007.0	0.2393748547996305	-5.595914990758066E-4
OQ211356/Unknown/cattle/2007/O	2007.0	0.2393748547996305	-5.595914990758066E-4
OQ211357/Unknown/cattle/2007/O	2007.0	0.2393748547996305	-5.595914990758066E-4
OQ211358/Unknown/cattle/2007/O	2007.0	0.2393748547996305	-5.595914990758066E-4
OQ211359/Unknown/cattle/2007/O	2007.0	0.2406470090996305	7.12562800924188E-4
OQ211377/Unknown/cattle/2007/O	2007.0	0.2406902988996305	7.558526009242006E-4
FJ175662/ISR/cattle/2007/O	2007.0	0.23680663879963051	-0.003127807499075791
FJ175661/ISR/goat/2007/O	2007.0	0.23681270819963052	-0.003121738099075788
OQ211369/Unknown/cattle/2007/O	2007.0	0.23681270819963052	-0.003121738099075788
OQ211389/Unknown/goat/2006/O	2006.0	0.2368117030996305	-8.334453742139258E-4
OQ211352/Unknown/cattle/2007/O	2007.0	0.2380964902996305	-0.0018379559990757965
OQ211350/Unknown/cattle/2007/O	2007.0	0.2380964902996305	-0.0018379559990757965
OQ211351/Unknown/goat/2007/O	2007.0	0.2380976182996305	-0.0018368279990758074
OQ211385/Unknown/cattle/2007/O	2007.0	0.23552034339963052	-0.004414102899075789
OQ211403/Unknown/cattle/2007/O	2007.0	0.23808731069963052	-0.0018471355990757887
OQ211402/Unknown/cattle/2007/O	2007.0	0.2381003247996305	-0.0018341214990758026
OQ211401/Unknown/cattle/2007/O	2007.0	0.2381005088996305	-0.0018339373990758079
OQ211400/Unknown/cattle/2007/O	2007.0	0.23681953639963052	-0.003114909899075785
OQ211393/Unknown/goat/2007/O	2007.0	0.23681953639963052	-0.003114909899075785
OQ211394/Unknown/cattle/2007/O	2007.0	0.2368196246996305	-0.0031148215990758066
OQ211378/Unknown/cattle/2007/O	2007.0	0.2394218075996305	-5.12638699075807E-4
FJ175665/ISR/cattle/2007/O	2007.0	0.2393981017996305	-5.363444990758026E-4
OQ211364/Unknown/sheep/2007/O	2007.0	0.2393981017996305	-5.363444990758026E-4
OQ211365/Unknown/sheep/2007/O	2007.0	0.2393981017996305	-5.363444990758026E-4
OQ211374/Unknown/cattle/2007/O	2007.0	0.2393981017996305	-5.363444990758026E-4
OQ211396/Unknown/cattle/2007/O	2007.0	0.2393981017996305	-5.363444990758026E-4
OQ211405/Unknown/cattle/2007/O	2007.0	0.2406684200996305	7.33973800924187E-4
OQ211404/Unknown/cattle/2007/O	2007.0	0.2406699679996305	7.355217009241966E-4
OQ211380/Unknown/cattle/2007/O	2007.0	0.2419839417996305	0.0020494955009242033
OQ211376/Unknown/cattle/2007/O	2007.0	0.2381224365996305	-0.0018120096990758006
OQ211353/Unknown/sheep/2007/O	2007.0	0.2381224365996305	-0.0018120096990758006
OQ211354/Unknown/cattle/2007/O	2007.0	0.2381224365996305	-0.0018120096990758006
OQ211363/Unknown/sheep/2007/O	2007.0	0.2419596294996305	0.0020251832009242077
MN062582/PAK/buffalo/2009/O	2009.0	0.2478889972996305	0.0033759553512004437
KM268895/TUR/cattle/2013/O	2013.0	0.25398199749963046	3.11764251752944E-4
OM456150/PAK/buffalo/2010/O	2010.0	0.2611203776996305	0.014318037926338567
OM456147/PAK/cattle/2011/O	2011.0	0.26508563169963045	0.015993994101476672
OM456139/PAK/buffalo/2011/O	2011.0	0.26111271179963047	0.01202107420147669
MN062585/TUR/cattle/2010/O	2010.0	0.26106857869963046	0.014266238926338548
JX040492/TUR/cattle/2010/O	2010.0	0.2636483675996305	0.016846027826338594
JX040501/ISR/cattle/2011/O	2011.0	0.2650962352996305	0.01600459770147672
JX040500/TUR/cattle/2011/O	2011.0	0.26490587559963047	0.015814238001476688
JX040499/TUR/cattle/2011/O	2011.0	0.26753535999963046	0.01844372240147668
JX040497/TUR/cattle/2010/O	2010.0	0.25975120179963046	0.012948862026338548
JX040494/TUR/cattle/2010/O	2010.0	0.2610252283996305	0.014222888626338581
JX040493/TUR/cattle/2010/O	2010.0	0.25974175939963046	0.012939419626338544
JX040491/TUR/cattle/2010/O	2010.0	0.2584607541996305	0.011658414426338581
JX040496/TUR/cattle/2010/O	2010.0	0.2584586056996305	0.01165626592633856
JX040495/TUR/cattle/2010/O	2010.0	0.2597326262996305	0.012930286526338597
JX040490/BGR/cattle/2011/O	2011.0	0.26616271849963047	0.017071080901476687
JX040487/BGR/cattle/2011/O	2011.0	0.2674420174996305	0.0183503799014767
JX040489/BGR/cattle/2011/O	2011.0	0.2648813729996305	0.015789735401476712
JX040486/BGR/cattle/2011/O	2011.0	0.2648813729996305	0.015789735401476712
JX040488/BGR/cattle/2011/O	2011.0	0.2648813729996305	0.015789735401476712
JX040485/BGR/pig/2010/O	2010.0	0.2610223700996305	0.014220030326338562
JX066665/BGR/cattle/2011/O	2011.0	0.2635869880996305	0.014495350501476711
JX066664/BGR/cattle/2011/O	2011.0	0.2623017354996305	0.013210097901476703
JX040498/TUR/cattle/2010/O	2010.0	0.2571761267996305	0.010373787026338566
MN062580/IRN/cattle/2010/O	2010.0	0.2546071376996305	0.007804797926338591
OM456149/PAK/cattle/2012/O	2012.0	0.26922226549963046	0.017841330076614814
OM456133/PAK/cattle/2012/O	2012.0	0.26922226549963046	0.017841330076614814
OM456143/PAK/buffalo/2012/O	2012.0	0.2718357651996305	0.020454829776614836
OM456132/PAK/buffalo/2012/O	2012.0	0.2692188946996305	0.017837959276614856
OM456130/PAK/buffalo/2012/O	2012.0	0.2679144041996305	0.016533468776614824
OM456129/PAK/buffalo/2012/O	2012.0	0.2666408459996305	0.015259910576614855
OM456128/PAK/buffalo/2012/O	2012.0	0.2666395964996305	0.015258661076614832
OM456148/PAK/buffalo/2012/O	2012.0	0.26535424169963046	0.013973306276614805
OM456131/PAK/buffalo/2012/O	2012.0	0.26792123449963046	0.016540299076614806
OM456135/PAK/cattle/2012/O	2012.0	0.2679263955996305	0.016545460176614846
OM456134/PAK/cattle/2012/O	2012.0	0.26791871989963045	0.016537784476614803
OM456146/PAK/cattle/2010/O	2010.0	0.2598306021996305	0.013028262426338588
OM456145/PAK/buffalo/2010/O	2010.0	0.2598306021996305	0.013028262426338588
MN062579/IRN/cattle/2010/O	2010.0	0.2546076136996305	0.007805273926338563
OM456144/PAK/cattle/2010/O	2010.0	0.2585044904996305	0.011702150726338567
OM456138/PAK/buffalo/2009/O	2009.0	0.2533113180996305	0.008798276151200435
OM456142/PAK/buffalo/2011/O	2011.0	0.2507425939996305	0.001650956401476722
OM456140/PAK/buffalo/2011/O	2011.0	0.2507425939996305	0.001650956401476722
OM456141/PAK/buffalo/2011/O	2011.0	0.2494591562996305	3.6751870147672117E-4
OM456137/PAK/cattle/2012/O	2012.0	0.2664270796996305	0.015046144276614826
MH784405/PAK/cattle/2017/O	2017.0	0.29120744229963047	0.028380017752305475
MH784404/PAK/water-buffalo/2017/O	2017.0	0.2857971018996305	0.022969677352305484
MH784403/PAK/cattle/2016/O	2016.0	0.28889108709963046	0.028352960377167336
JF749852/Unknown/Unknown/2004/O	2004.0	0.21654451629963048	-0.01652203652449022
HQ632770/MYS/cattle/2004/O	2004.0	0.21654451629963048	-0.01652203652449022
HQ268524/BTN/Unknown/2004/O	2004.0	0.2217693515996305	-0.011297201224490211
GU384683/PAK/buffalo/2008/O	2008.0	0.23357657789963052	-0.008647166223937658
GU384682/PAK/cattle/2008/O	2008.0	0.23357657789963052	-0.008647166223937658
MN062583/PAK/cattle/2009/O	2009.0	0.2464719050996305	0.001958863151200446
HQ113232/PAK/cow/2009/O	2009.0	0.24676397059963048	0.00225092865120044
OP957418/BGD/cattle/2021/O	2021.0	0.2401665617996305	-0.03181805404714286
JF749851/Unknown/Unknown/2001/O	2001.0	0.19561610209963048	-0.03058255724990372
AJ539138/CHN/Unknown/1999/O	1999.0	0.19737474329963048	-0.024245320400179987
KM257065/GBR/cattle/2001/O	2001.0	0.20870566139963048	-0.01749299794990372
DQ404158/GBR/sheep/2001/O	2001.0	0.20870566139963048	-0.01749299794990372
DQ404159/GBR/cow/2001/O	2001.0	0.20870566139963048	-0.01749299794990372
DQ404160/GBR/cow/2001/O	2001.0	0.2099490543996305	-0.016249604949903712
DQ404161/GBR/cow/2001/O	2001.0	0.2087301019996305	-0.017468557349903713
DQ404171/GBR/sheep/2001/O	2001.0	0.2099643349996305	-0.01623432434990371
EF552696/GBR/cattle/2001/O	2001.0	0.20872156959963048	-0.017477089749903724
EF552688/GBR/sheep/2001/O	2001.0	0.2087230917996305	-0.017475567549903703
DQ404167/GBR/sheep/2001/O	2001.0	0.2074607450996305	-0.018737914249903703
DQ404165/GBR/cow/2001/O	2001.0	0.2074607450996305	-0.018737914249903703
DQ404166/GBR/cow/2001/O	2001.0	0.2074607150996305	-0.018737944249903715
KM257061/GBR/cattle/2001/O	2001.0	0.2062050195996305	-0.019993639749903702
KM257062/GBR/cattle/2001/O	2001.0	0.2062040195996305	-0.019994639749903703
FJ542366/GBR/sheep/2001/O	2001.0	0.2062040195996305	-0.019994639749903703
AJ633821/FRA/Unknown/2001/O	2001.0	0.2062040195996305	-0.019994639749903703
DQ404178/GBR/pig/2001/O	2001.0	0.2062040195996305	-0.019994639749903703
DQ404176/GBR/cow/2001/O	2001.0	0.2062040195996305	-0.019994639749903703
EF552697/GBR/sheep/2001/O	2001.0	0.2062040195996305	-0.019994639749903703
DQ404173/GBR/cow/2001/O	2001.0	0.2062040195996305	-0.019994639749903703
FJ542367/GBR/cattle/2001/O	2001.0	0.2062040195996305	-0.019994639749903703
DQ404180/GBR/pig/2001/O	2001.0	0.2062040195996305	-0.019994639749903703
DQ404174/IRL/sheep/2001/O	2001.0	0.2062040195996305	-0.019994639749903703
DQ404172/GBR/cow/2001/O	2001.0	0.2062040195996305	-0.019994639749903703
DQ404177/GBR/pig/2001/O	2001.0	0.2062040195996305	-0.019994639749903703
EF552693/GBR/cattle/2001/O	2001.0	0.2062040195996305	-0.019994639749903703
FJ542372/GBR/cattle/2001/O	2001.0	0.2062040195996305	-0.019994639749903703
DQ404179/GBR/pig/2001/O	2001.0	0.2062040195996305	-0.019994639749903703
DQ404169/GBR/sheep/2001/O	2001.0	0.2062040195996305	-0.019994639749903703
FJ542365/GBR/cattle/2001/O	2001.0	0.2062040195996305	-0.019994639749903703
FJ542369/GBR/sheep/2001/O	2001.0	0.2062040195996305	-0.019994639749903703
DQ404175/GBR/cow/2001/O	2001.0	0.2062040195996305	-0.019994639749903703
FJ542370/GBR/cattle/2001/O	2001.0	0.2062040195996305	-0.019994639749903703
AJ539141/GBR/Unknown/2001/O	2001.0	0.2062040195996305	-0.019994639749903703
EF552690/GBR/cattle/2001/O	2001.0	0.2062040195996305	-0.019994639749903703
EU214601/GBR/sheep/2001/O	2001.0	0.2062040195996305	-0.019994639749903703
EF552689/GBR/sheep/2001/O	2001.0	0.2062040195996305	-0.019994639749903703
FJ542371/GBR/cattle/2001/O	2001.0	0.2062040195996305	-0.019994639749903703
KM257064/GBR/cattle/2001/O	2001.0	0.2074581257996305	-0.01874053354990371
EF552692/GBR/sheep/2001/O	2001.0	0.2074581257996305	-0.01874053354990371
EF552694/GBR/cattle/2001/O	2001.0	0.2074582354996305	-0.01874042384990371
AY593836/GBR/Unknown/2001/O	2001.0	0.2087188951996305	-0.01747976414990371
AY593831/GBR/Unknown/2002/O	2002.0	0.2087188951996305	-0.019769061974766466
AY593832/GBR/Unknown/2002/O	2002.0	0.2087188827996305	-0.019769074374766465
KM257063/GBR/cattle/2001/O	2001.0	0.20745434479963049	-0.018744314549903718
FJ542368/GBR/cattle/2001/O	2001.0	0.20745434479963049	-0.018744314549903718
DQ404168/GBR/cow/2001/O	2001.0	0.2074592438996305	-0.018739415449903707
DQ404162/GBR/sheep/2001/O	2001.0	0.20870885689963048	-0.017489802449903724
DQ404163/GBR/cow/2001/O	2001.0	0.2074571257996305	-0.01874153354990371
DQ404164/GBR/cow/2001/O	2001.0	0.20745265599963048	-0.018746003349903728
EF552695/GBR/sheep/2001/O	2001.0	0.2099866308996305	-0.016212028449903715
EF552691/GBR/cattle/2001/O	2001.0	0.20998637249963048	-0.016212286849903723
DQ404170/GBR/sheep/2001/O	2001.0	0.20744666319963048	-0.01875199614990372
AJ539140/ZAF/Unknown/2000/O	2000.0	0.20494837329963048	-0.018960988225041858
AB079061/JPN/Unknown/2000/O	2000.0	0.20622410729963048	-0.017685254225041858
HQ632768/MYS/pig/2000/O	2000.0	0.21012508899963048	-0.013784272525041857
AJ539137/TWN/Unknown/1999/O	1999.0	0.20629946569963048	-0.015320598000179986
AJ539136/TWN/Unknown/1999/O	1999.0	0.2050416413996305	-0.016578422300179974
AF377945/Unknown/Unknown/2000/O	2000.0	0.2242445068996305	3.3514537495815677E-4
AY593824/KOR/Unknown/2000/O	2000.0	0.20626547009963048	-0.017643891425041858
