41.807324042840946
6.8891045641976945
104.75418485933658
35.65660743988096
0.11491766855145968
1.6993297096764337
3.3504632802139582
0.16708861811093456
0.17052204604939547
2.245739650859271
0.21588606767856078
4.662054229389749
47.246120980805514
47.64874154679954
22.906661422373936
35.74556201094582
5.985188243012669
4.431063404549061
1.1538624864002909
10.288302253980287
0.35125588553155573
1.1793044582770342
0.20313506423296523
0.28015283856916184
1.12002343603422
18.307246223361204
1.6318938033045516
6.8470187178324355
12.02345737383661
0.2559261530186916
2.8182221785334427
0.1948623928564377
0.15764498824730921
3.4088242654421173
1.0686808492799376
0.34333653567341926
3.594817204565997
2.5364953864694435
1.137609009277761
6.760607521613377
4.169520645089776
2.6425126441804547
4.11011211019175
1.7725295350674743
3.587936026694493
1.841363011218811
1.846881048375769
3.449598911242825
7.234356678066714
57.51917785304133
42.34357104050049
2.2173804002965163
65.98750876256389
82.55884720384955
45.24250688782001
