28.68053057871107
3.7288881597191477
6.8891045641976945
55.666614938126926
62.52736117973487
55.20193220044854
35.65660743988096
64.65451270213349
47.246120980805514
47.64874154679954
22.906661422373936
9.387929466585337
16.413429481354278
5.985188243012669
40.17123173803726
20.675455571598164
5.655096703952848
7.2455769356741815
3.594817204565997
11.126607119136441
13.259841768654894
5.924725243847284
3.449598911242825
7.234356678066714
42.34357104050049
2.2173804002965163
65.98750876256389
82.55884720384955
45.24250688782001
