28.68053057871107
3.7288881597191477
80.39163118745196
55.666614938126926
62.52736117973487
55.20193220044854
1.2304546167293111
33.455414932745036
47.246120980805514
47.64874154679954
22.906661422373936
9.387929466585337
29.265844849858894
4.431063404549061
1.1538624864002909
13.421368672610207
12.003339046617487
18.307246223361204
25.677430321558013
0.13899886449529397
0.1948623928564377
0.7516986374659798
0.15764498824730921
3.4088242654421173
7.2455769356741815
3.594817204565997
11.126607119136441
13.259841768654894
16.349195842846807
57.51917785304133
42.34357104050049
2.2173804002965163
65.98750876256389
82.55884720384955
45.24250688782001
