28.68053057871107
3.7288881597191477
6.8891045641976945
62.52736117973487
55.20193220044854
1.2304546167293111
0.17112201629405988
1.6954158608930605
0.21588606767856078
0.15099786783298796
47.246120980805514
39.11688881234335
22.906661422373936
29.265844849858894
4.431063404549061
1.1538624864002909
10.288302253980287
1.1793044582770342
0.28015283856916184
18.307246223361204
0.5328472586819899
6.8470187178324355
1.8888274139058723
0.2559261530186916
0.13899886449529397
0.1948623928564377
0.7516986374659798
0.15764498824730921
3.4088242654421173
0.7631750485662803
3.594817204565997
0.7509890823876546
0.18195761359395668
1.137609009277761
5.710913840252614
1.7725295350674743
5.79210315652591
1.343419424301607
1.0660195153858147
3.413904866046712
7.234356678066714
57.51917785304133
42.34357104050049
2.2173804002965163
7.669886575185561
7.218442997525963
30.51540674438897
30.100844246997646
45.24250688782001
