28.68053057871107
3.7288881597191477
6.8891045641976945
62.52736117973487
55.20193220044854
35.65660743988096
1.6993297096764337
0.16708861811093456
0.17052204604939547
1.6954158608930605
0.21588606767856078
4.662054229389749
47.246120980805514
39.11688881234335
22.906661422373936
16.413429481354278
5.985188243012669
8.128149329952223
1.1538624864002909
8.303168645418639
0.35125588553155573
1.1793044582770342
0.20313506423296523
0.28015283856916184
0.1925595422728401
0.5328472586819899
6.8470187178324355
1.8888274139058723
0.2559261530186916
2.8182221785334427
0.1948623928564377
0.7516986374659798
0.15764498824730921
3.4088242654421173
0.7631750485662803
3.594817204565997
0.18195761359395668
1.137609009277761
5.710913840252614
4.11011211019175
1.7725295350674743
3.587936026694493
1.343419424301607
1.0660195153858147
0.46896876194198
2.1437619994762542
1.846881048375769
7.234356678066714
42.34357104050049
2.2173804002965163
36.30867691046351
7.218442997525963
30.51540674438897
82.55884720384955
45.24250688782001
