28.68053057871107
3.7288881597191477
6.8891045641976945
55.666614938126926
62.52736117973487
1.2304546167293111
33.455414932745036
47.246120980805514
47.64874154679954
22.906661422373936
9.387929466585337
16.413429481354278
5.985188243012669
8.128149329952223
1.1538624864002909
8.303168645418639
0.35125588553155573
1.1793044582770342
0.20313506423296523
0.28015283856916184
25.677430321558013
15.247032180393653
11.126607119136441
13.259841768654894
5.924725243847284
5.784469919215919
7.234356678066714
42.34357104050049
2.2173804002965163
36.30867691046351
7.218442997525963
30.51540674438897
82.55884720384955
45.24250688782001
