tip	date	distance	residual
AY593810/GBR/Unknown/1970/C	1970.0	0.1688036633	0.03500082877634694
OQ356339/GBR/cow/1987/C	1987.0	0.16970939129999998	0.011346087881498074
OQ383266/GBR/Unknown/2002/C	2002.0	0.16835223400000002	-0.011682071384544773
X74812/Unknown/Unknown/1965/C	1965.0	0.14701940319999998	0.020440235998361228
OQ383265/NLD/cow/2000/C	2000.0	0.14110541759999998	-0.03603942085573883
AY593805/DEU/Unknown/1960/C	1960.0	0.13089291890000002	0.011537419020375556
AY593804/CHE/Unknown/1965/C	1965.0	0.1312058576	0.0046266903983612495
OQ427393/Unknown/cow/2009/C	2009.0	0.11371666239999999	-0.07643077723536464
AY593808/ARG/Unknown/1966/C	1966.0	0.11648646750000001	-0.011537433166041514
OQ383267/BRA/cow/1963/C	1963.0	2.0214E-6	-0.12368767887283322
AY593807/BRA/Unknown/1955/C	1955.0	0.0	-0.11213183255761017
AY593809/ARG/Unknown/1969/C	1969.0	0.0184483958	-0.11390970525925027
AY593806/BRA/Unknown/1971/C	1971.0	0.1320284535	-0.003219114488055813
MH053310/UGA/cattle/1970/C	1970.0	0.25196979540000003	0.11816696087634698
MH053309/KEN/cattle/1967/C	1967.0	0.23981113029999998	0.11034249616955524
KM268897/KEN/cattle/2004/C	2004.0	0.24149508020000002	0.05857130788664969
MH053308/ETH/unknown/1971/C	1971.0	0.25385357480000004	0.11860600681194422
