tip	date	distance	residual
AY593824/KOR/Unknown/2000/O	2000.0	0.528521675	-0.029409020002118758
AJ539139/KOR/Unknown/2000/O	2000.0	0.5280653971000001	-0.02986529790211867
AH012985/KOR/Unknown/2000/O	2000.0	0.5322864300000001	-0.025644265002118694
AH012984/KOR/Unknown/2000/O	2000.0	0.5387500786999999	-0.01918061630211887
KF694738/KOR/pig/2002/O	2002.0	0.5398713655999999	-0.020584887827171605
KF694732/KOR/pig/2002/O	2002.0	0.5398748127999999	-0.0205814406271716
KF694746/KOR/pig/2002/O	2002.0	0.5372605454	-0.023195708027171524
KF694736/KOR/pig/2002/O	2002.0	0.5372605454	-0.023195708027171524
KF694740/KOR/pig/2002/O	2002.0	0.5372605454	-0.023195708027171524
KF694735/KOR/pig/2002/O	2002.0	0.5372605454	-0.023195708027171524
KF694742/KOR/pig/2002/O	2002.0	0.5372605454	-0.023195708027171524
KF694731/KOR/pig/2002/O	2002.0	0.5372605454	-0.023195708027171524
KF694743/KOR/pig/2002/O	2002.0	0.5372605454	-0.023195708027171524
KF694733/KOR/pig/2002/O	2002.0	0.5372605454	-0.023195708027171524
KF694734/KOR/pig/2002/O	2002.0	0.5372605454	-0.023195708027171524
KF694745/KOR/pig/2002/O	2002.0	0.5372605454	-0.023195708027171524
KF694744/KOR/cow/2002/O	2002.0	0.5391016976999999	-0.021354555727171598
EF614457/KOR/cattle/2002/O	2002.0	0.5404772806	-0.019978972827171537
KF694737/KOR/pig/2002/O	2002.0	0.5381789331	-0.022277320327171557
KF694741/KOR/pig/2002/O	2002.0	0.5377167412999999	-0.022739512127171624
KF694739/KOR/pig/2002/O	2002.0	0.5377131329	-0.022743120527171534
HM008917/CHN/pig/2005/O	2005.0	0.5593902667999999	-0.00485432426475052
HQ009509/CHN/pig/1999/O	1999.0	0.5784373318	0.021769416010407383
MH167966/UGA/cow/2015/O	2015.0	0.6357537232000001	0.05888134000998679
ON736860/UGA/cow/2015/O	2015.0	0.6379022481000001	0.06102986490998674
ON784045/UGA/cow/2015/O	2015.0	0.638056384	0.06118400080998665
ON784047/UGA/cow/2015/O	2015.0	0.6495188736000002	0.07264649040998683
ON784046/UGA/cow/2015/O	2015.0	0.6468439995000002	0.06997161630998683
MH167964/UGA/cow/2015/O	2015.0	0.6300412934000001	0.05316891020998682
MH167965/UGA/cow/2016/O	2016.0	0.6466469948	0.0685118323974605
MH167963/UGA/cow/2015/O	2015.0	0.6423809485	0.06550856530998672
KU821591/ZMB/cow/2010/O	2010.0	0.6172658070000001	0.04670731987261845
HM191257/UGA/cow/2006/O	2006.0	0.6051622990000001	0.03965492872272347
MH053318/UGA/unknown/2002/O	2002.0	0.5823195672	0.021863313772828463
FJ461345/UGA/Unknown/2002/O	2002.0	0.5788613475	0.01840509407282842
FJ461344/UGA/cow/2002/O	2002.0	0.5827297309	0.022273477472828485
MH167962/UGA/cow/2015/O	2015.0	0.6243717442000001	0.04749936100998675
MT602084/KEN/cattle/2018/O	2018.0	0.619797325	0.03913660417240772
MN116694/KEN/cow/2016/O	2016.0	0.6177447413000001	0.03960957889746064
MN116693/KEN/cow/2014/O	2014.0	0.591777462	0.01616785802251286
MH791293/UGA/cattle/2017/O	2017.0	0.5969061837	0.017508242084933956
MH053317/UGA/unknown/1998/O	1998.0	0.5895549248	0.03414978822293402
MH053312/ETH/cattle/2005/O	2005.0	0.6123344746000001	0.04808988353524968
MH053316/UGA/cattle/1996/O	1996.0	0.5606677941	0.007788215947986288
OQ457195/NER/cattle/2020/O	2020.0	0.6119786093000001	0.028792330047355152
OQ457194/NER/cattle/2020/O	2020.0	0.6119786093000001	0.028792330047355152
OQ457193/NER/cattle/2020/O	2020.0	0.6128932717000001	0.029706992447355085
OQ457189/NER/cattle/2020/O	2020.0	0.6128932717000001	0.029706992447355085
OQ457188/NER/cattle/2020/O	2020.0	0.6128932717000001	0.029706992447355085
OQ457191/NER/cattle/2020/O	2020.0	0.6128932529000001	0.029706973647355084
OQ457192/NER/cattle/2020/O	2020.0	0.6124354386	0.029249159347355058
OQ457186/NER/cattle/2020/O	2020.0	0.6125108392	0.029324559947355056
OQ457184/NER/cattle/2020/O	2020.0	0.6125108392	0.029324559947355056
OQ457185/NER/cattle/2020/O	2020.0	0.6125107190000001	0.029324439747355102
OM022649/NER/cattle/2017/O	2017.0	0.5922827149000001	0.012884773284933981
OM022648/NER/cattle/2017/O	2017.0	0.5922827149000001	0.012884773284933981
OM022642/NER/cattle/2018/O	2018.0	0.5932561706000001	0.012595449772407896
LC456873/GHA/cow/2018/O	2018.0	0.5946714233000001	0.014010702472407877
LC456870/GHA/cow/2018/O	2018.0	0.5946714233000001	0.014010702472407877
LC456871/GHA/cow/2018/O	2018.0	0.5955883739000001	0.014927653072407843
OM022646/NER/cattle/2017/O	2017.0	0.5957495613000001	0.016351619684934038
OM022644/NER/cattle/2017/O	2017.0	0.5962079305000001	0.016809988884934013
OM022643/NER/cattle/2017/O	2017.0	0.6058036302	0.026405688584933973
MT602081/ETH/cattle/2015/O	2015.0	0.5879416074000001	0.011069224209986794
MH053311/ETH/cattle/2004/O	2004.0	0.5653282523	0.002346440447776099
MH053314/ETH/cattle/2007/O	2007.0	0.5443280814	-0.022442068089802758
MH053313/ETH/cattle/2006/O	2006.0	0.5680256274	0.0025182571227233552
MH053315/SDN/unknown/1976/O	1976.0	0.5288514708000001	0.0012274768985125473
AY593834/IRN/Unknown/1966/O	1966.0	0.5112763249000001	-0.003719876876224548
OQ427394/ARG/cow/1993/O	1993.0	0.570461824	0.021370583485565198
AY593814/ARG/Unknown/1965/O	1965.0	0.5695456579	0.05581223533630153
AY593817/BEL/Unknown/1973/O	1973.0	0.5704791713999999	0.04664351513609133
KJ560309/GBR/cattle/2007/O	2007.0	0.5695118413	0.002741691810197233
KJ560299/GBR/sheep/2007/O	2007.0	0.5695118413	0.002741691810197233
KJ560301/GBR/cattle/2007/O	2007.0	0.5695118413	0.002741691810197233
KJ560294/GBR/cattle/2007/O	2007.0	0.5695118413	0.002741691810197233
KJ560289/GBR/cattle/2007/O	2007.0	0.5695118413	0.002741691810197233
KJ560292/GBR/cattle/2007/O	2007.0	0.5695118413	0.002741691810197233
KJ560285/GBR/cattle/2007/O	2007.0	0.5695118413	0.002741691810197233
EU448379/GBR/cow/2007/O	2007.0	0.5695118413	0.002741691810197233
KJ560304/GBR/cattle/2007/O	2007.0	0.5695118413	0.002741691810197233
KJ560293/GBR/cattle/2007/O	2007.0	0.5695118413	0.002741691810197233
EU448377/GBR/cow/2007/O	2007.0	0.5695118413	0.002741691810197233
KJ560291/GBR/cattle/2007/O	2007.0	0.5695118413	0.002741691810197233
KJ560288/GBR/cattle/2007/O	2007.0	0.5695118413	0.002741691810197233
EU448375/GBR/cow/2007/O	2007.0	0.5695118413	0.002741691810197233
KJ560302/GBR/cattle/2007/O	2007.0	0.5695118413	0.002741691810197233
KJ560305/GBR/cattle/2007/O	2007.0	0.5695118413	0.002741691810197233
KJ560281/GBR/cattle/2007/O	2007.0	0.5695118413	0.002741691810197233
KJ560290/GBR/cattle/2007/O	2007.0	0.5695118413	0.002741691810197233
EU448380/GBR/cow/2007/O	2007.0	0.5695118413	0.002741691810197233
KJ560307/GBR/cattle/2007/O	2007.0	0.5695118413	0.002741691810197233
KJ560308/GBR/cattle/2007/O	2007.0	0.5699704730999999	0.0032003236101971755
KJ560297/GBR/sheep/2007/O	2007.0	0.5704316012999999	0.0036614518101971694
KJ560295/GBR/cattle/2007/O	2007.0	0.5699744205	0.0032042710101972682
EU448376/GBR/cow/2007/O	2007.0	0.5699760315	0.003205882010197225
KJ560306/GBR/cattle/2007/O	2007.0	0.5699719798999999	0.0032018304101971706
EU448381/GBR/cow/2007/O	2007.0	0.5699719798999999	0.0032018304101971706
KJ560303/GBR/cattle/2007/O	2007.0	0.5699719798999999	0.0032018304101971706
KJ560298/GBR/sheep/2007/O	2007.0	0.5722733716	0.00550322211019727
KJ560300/GBR/sheep/2007/O	2007.0	0.5699712997999999	0.003201150310197187
KJ560296/GBR/cattle/2007/O	2007.0	0.5704278895	0.0036577400101972524
EU448378/GBR/sheep/2007/O	2007.0	0.5699626396999999	0.0031924902101971853
KJ560283/GBR/cattle/2007/O	2007.0	0.5699634483	0.0031932988101972537
EU448373/GBR/cow/2007/O	2007.0	0.5695018277999999	0.002731678310197161
KJ560284/GBR/cattle/2007/O	2007.0	0.5690423907	0.002272241210197201
KJ560279/GBR/cattle/2007/O	2007.0	0.5690423907	0.002272241210197201
KJ560278/GBR/cattle/2007/O	2007.0	0.5690423907	0.002272241210197201
KJ560280/GBR/cattle/2007/O	2007.0	0.5690423907	0.002272241210197201
KJ560276/GBR/cattle/2007/O	2007.0	0.5690423907	0.002272241210197201
EU448371/GBR/cow/2007/O	2007.0	0.5690423907	0.002272241210197201
KJ560282/GBR/cattle/2007/O	2007.0	0.5690412154	0.002271065910197212
KJ560287/GBR/cattle/2007/O	2007.0	0.5694995838	0.002729434310197232
EU448374/GBR/cow/2007/O	2007.0	0.5694995838	0.002729434310197232
KJ560286/GBR/cattle/2007/O	2007.0	0.5694995838	0.002729434310197232
KJ560277/GBR/cattle/2007/O	2007.0	0.5694983591999999	0.0027282097101971603
EU448372/GBR/cow/2007/O	2007.0	0.5694924464	0.0027222969101972083
JX570643/GBR/cattle/2007/O	2007.0	0.5685792017	0.0018090522101972262
JX570655/GBR/cattle/2007/O	2007.0	0.5694955835	0.002725434010197203
JX570650/GBR/cattle/2007/O	2007.0	0.5694955835	0.002725434010197203
JX570653/GBR/cattle/2007/O	2007.0	0.5694970705	0.002726921010197225
JX570654/GBR/cattle/2007/O	2007.0	0.5699527562	0.003182606710197211
JX570645/GBR/cattle/2007/O	2007.0	0.5699527555999999	0.0031826061101971614
JX570652/GBR/cattle/2007/O	2007.0	0.5699556746	0.003185525110197207
JX570651/GBR/cattle/2007/O	2007.0	0.5695010116	0.002730862110197241
JX570649/GBR/cattle/2007/O	2007.0	0.5694978564	0.002727706910197192
JX570647/GBR/cattle/2007/O	2007.0	0.5690408648999999	0.0022707154101971883
JX570642/GBR/cattle/2007/O	2007.0	0.5690408648999999	0.0022707154101971883
JX570641/GBR/cattle/2007/O	2007.0	0.5690408648999999	0.0022707154101971883
JX570638/GBR/cattle/2007/O	2007.0	0.5690408648999999	0.0022707154101971883
JX570640/GBR/cattle/2007/O	2007.0	0.5690408648999999	0.0022707154101971883
JX570639/GBR/cattle/2007/O	2007.0	0.5690408648999999	0.0022707154101971883
JX570644/GBR/cattle/2007/O	2007.0	0.5690408648999999	0.0022707154101971883
JX570646/GBR/cattle/2007/O	2007.0	0.5690408648999999	0.0022707154101971883
JX570648/GBR/cattle/2007/O	2007.0	0.5685802965	0.0018101470101972161
EU448369/GBR/cow/1967/O	1967.0	0.5685802965	0.05232131551124919
EU448370/GBR/cow/1967/O	1967.0	0.5685802965	0.05232131551124919
EU448368/GBR/cow/1967/O	1967.0	0.5681176432	0.05185866221124924
JX869186/GBR/cattle/1968/O	1968.0	0.5685784267999999	0.051056666598722544
JX869185/GBR/cattle/1968/O	1968.0	0.5695035879	0.051981827698722616
JX869181/GBR/cattle/1967/O	1967.0	0.5708843276	0.05462534661124918
JX869183/GBR/cattle/1968/O	1968.0	0.5699613977	0.0524396374987226
JX869182/GBR/cattle/1968/O	1968.0	0.5704153898	0.05289362959872257
JX869179/GBR/cattle/1967/O	1967.0	0.5681237740999999	0.05186479311124914
JX869188/GBR/sheep/1968/O	1968.0	0.5681166156999999	0.05059485549872256
JX869187/GBR/cattle/1968/O	1968.0	0.5681166156999999	0.05059485549872256
JX869184/GBR/cattle/1968/O	1968.0	0.5694922025	0.05197044229872261
JX869180/GBR/cattle/1967/O	1967.0	0.5681098014	0.05185082041124922
AY593818/ARG/Unknown/1958/O	1958.0	0.5667271545	0.06183318642398594
JX869178/GBR/cattle/1967/O	1967.0	0.5786465127	0.06238753171124922
JX869177/GBR/cattle/1967/O	1967.0	0.5714525693	0.05519358831124921
AY593830/POL/Unknown/1959/O	1959.0	0.5681265424999999	0.06196979521145929
AY593820/ARG/Unknown/1964/O	1964.0	0.5648744899	0.052403846548828126
AY593837/URY/Unknown/1963/O	1963.0	0.5656863971	0.0544785329613543
NC_039210/GBR/Unknown/1965/O	1965.0	0.569846222	0.05611279943630154
AY593829/GBR/Unknown/1965/O	1965.0	0.569846222	0.05611279943630154
AY593825/ARG/Unknown/1939/O	1939.0	0.5511028637	0.0702017006619855
AY593827/VEN/Unknown/1971/O	1971.0	0.5626179291	0.04130783126114368
AY593826/ITA/Unknown/1947/O	1947.0	0.5668142910999999	0.0758108943617749
AY593821/ARG/Unknown/1967/O	1967.0	0.5707109877	0.05445200671124917
AY593813/IDN/Unknown/1962/O	1962.0	0.5733326301999999	0.06338754527388035
ON868623/VNM/pig/2017/O	2017.0	0.042573354699999996	-0.5368245869150661
MN250314/VNM/pig/2017/O	2017.0	0.0425734421	-0.5368244995150661
OK318535/VNM/pig/2019/O	2019.0	5.8091E-6	-0.5819176909401184
MN250318/VNM/pig/2019/O	2019.0	0.0	-0.5819235000401184
OK318515/VNM/pig/2018/O	2018.0	0.021224906	-0.5594358148275922
MN250316/VNM/pig/2018/O	2018.0	0.021224906	-0.5594358148275922
OK318513/VNM/pig/2018/O	2018.0	0.027253165700000002	-0.5534075551275922
MN250315/VNM/pig/2018/O	2018.0	0.0272536014	-0.5534071194275922
OK318521/VNM/pig/2018/O	2018.0	0.0646716557	-0.5159890651275922
MN250317/VNM/pig/2018/O	2018.0	0.0646711545	-0.5159895663275922
ON868622/VNM/pig/2017/O	2017.0	0.07937311699999999	-0.500024824615066
KU204894/CHN/pig/2013/O	2013.0	0.0801072499	-0.49423957486496056
KU204893/CHN/pig/2013/O	2013.0	0.1123185818	-0.4620282429649606
AY317098/Unknown/Unknown/2002/O	2002.0	0.17197615949999998	-0.38848009392717153
EU400597/CHN/Unknown/2001/O	2001.0	0.17591632179999997	-0.383277152414645
EF175732/CHN/Unknown/1999/O	1999.0	0.21900480530000002	-0.33766311048959263
HQ632771/MYS/pig/2005/O	2005.0	0.29098099229999996	-0.2732635987647505
AY593835/TWN/Unknown/1997/O	1997.0	0.24066175329999998	-0.3134806040645399
AY593833/TWN/Unknown/1999/O	1999.0	0.24167138689999998	-0.3149965288895926
AF026168/TWN/Unknown/1997/O	1997.0	0.24644349209999997	-0.30769886526453993
AY686687/Unknown/Unknown/2001/O	2001.0	0.2527711842	-0.30642229001464494
KY072818/CHN/cattle/1959/O	1959.0	0.39037938729999994	-0.11577735998854072
AF511039/Unknown/Unknown/1958/O	1958.0	0.38237287549999993	-0.12252109257601412
HM229661/HKG/pig/2010/O	2010.0	0.5963744547000001	0.025815967572618392
MN389541/CHN/pig/2010/O	2010.0	0.5968461424	0.026287655272618338
JQ900581/CHN/pig/2010/O	2010.0	0.5945333355	0.023974848372618318
JQ973889/CHN/cow/2010/O	2010.0	0.5953691430000001	0.024810655872618437
KF112886/KOR/cattle/2010/O	2010.0	0.5939660076	0.023407520472618293
ON868620/VNM/pig/2019/O	2019.0	0.6573057548000001	0.0753822547598817
ON868596/VNM/pig/2018/O	2018.0	0.6563786721	0.07571795127240777
ON868617/VNM/pig/2019/O	2019.0	0.6568393073000001	0.07491580725988167
ON868613/VNM/pig/2019/O	2019.0	0.6591639916	0.07724049155988166
ON868592/VNM/pig/2018/O	2018.0	0.6573058745	0.07664515367240776
ON868608/VNM/pig/2019/O	2019.0	0.6624233134999999	0.08049981345988155
ON868600/VNM/pig/2018/O	2018.0	0.6600935654	0.07943284457240773
OK318532/VNM/pig/2018/O	2018.0	0.6600932765	0.07943255567240781
OK318542/VNM/pig/2019/O	2019.0	0.6591600207000001	0.07723652065988174
ON868607/VNM/pig/2019/O	2019.0	0.6600849965	0.07816149645988157
ON868616/VNM/pig/2018/O	2018.0	0.6573085885000001	0.07664786767240783
OK318534/VNM/pig/2019/O	2019.0	0.6573097169	0.07538621685988156
OK318524/VNM/pig/2018/O	2018.0	0.6563830205000001	0.07572229967240784
ON868597/VNM/pig/2019/O	2019.0	0.6596300251	0.07770652505988163
ON868591/VNM/pig/2019/O	2019.0	0.6582312940000001	0.07630779395988174
OK318538/VNM/pig/2019/O	2019.0	0.6582358152000001	0.07631231515988168
ON868606/VNM/pig/2019/O	2019.0	0.6582473187	0.07632381865988158
ON868603/VNM/pig/2018/O	2018.0	0.6563785641	0.07571784327240771
ON868618/VNM/pig/2019/O	2019.0	0.6577746433	0.07585114325988163
ON868605/VNM/pig/2019/O	2019.0	0.6587168438	0.07679334375988156
ON868612/VNM/pig/2019/O	2019.0	0.6563820161	0.07445851605988163
ON868594/VNM/pig/2019/O	2019.0	0.6563821863000001	0.07445868625988172
ON868615/VNM/pig/2018/O	2018.0	0.657303188	0.07664246717240775
OK318525/VNM/pig/2018/O	2018.0	0.6568414462000001	0.07618072537240783
ON868604/VNM/pig/2018/O	2018.0	0.6587123351999999	0.07805161437240771
ON868601/VNM/pig/2018/O	2018.0	0.6587121034000001	0.07805138257240785
OK318543/VNM/pig/2019/O	2019.0	0.6573033377999999	0.07537983775988155
ON868619/VNM/pig/2019/O	2019.0	0.6582347441	0.07631124405988166
OK318522/VNM/pig/2018/O	2018.0	0.6573035811000001	0.07664286027240785
OK318529/VNM/pig/2018/O	2018.0	0.6587007194000001	0.07803999857240784
OK318527/VNM/pig/2018/O	2018.0	0.6577671215	0.07710640067240782
OK318531/VNM/pig/2018/O	2018.0	0.6568353075	0.07617458667240773
ON868610/VNM/pig/2019/O	2019.0	0.657774925	0.07585142495988162
ON868609/VNM/pig/2019/O	2019.0	0.6577735771	0.07585007705988156
OK318528/VNM/pig/2018/O	2018.0	0.6596491823000001	0.0789884614724079
ON868614/VNM/pig/2019/O	2019.0	0.6591607379	0.07723723785988157
OK318539/VNM/pig/2019/O	2019.0	0.6582295708000001	0.07630607075988172
OK318540/VNM/pig/2019/O	2019.0	0.657300923	0.07537742295988159
ON868598/VNM/pig/2018/O	2018.0	0.6568396276999999	0.07617890687240769
ON868593/VNM/pig/2018/O	2018.0	0.656377006	0.0757162851724078
ON868599/VNM/pig/2019/O	2019.0	0.6568376547000001	0.07491415465988172
OK318541/VNM/pig/2019/O	2019.0	0.6573011995	0.0753776994598816
OK318533/VNM/pig/2019/O	2019.0	0.6582360347	0.07631253465988164
ON868589/VNM/pig/2019/O	2019.0	0.656836822	0.07491332195988165
OK318520/VNM/pig/2018/O	2018.0	0.656836864	0.07617614317240773
ON868590/VNM/pig/2019/O	2019.0	0.658224229	0.0763007289598816
ON868602/VNM/pig/2019/O	2019.0	0.6573020704000001	0.07537857035988171
ON868595/VNM/pig/2018/O	2018.0	0.6582342737	0.07757355287240775
ON868611/VNM/pig/2018/O	2018.0	0.6586841813	0.07802346047240771
OK318512/VNM/pig/2018/O	2018.0	0.6568295829999999	0.0761688621724077
OK318530/VNM/pig/2018/O	2018.0	0.6568261880999999	0.0761654672724077
OK318537/VNM/pig/2019/O	2019.0	0.6559009933	0.07397749325988157
OK318511/VNM/pig/2018/O	2018.0	0.6568255505	0.07616482967240779
MH845413/VNM/pig/2014/O	2014.0	0.6269327764000001	0.05132317242251294
KX534089/KOR/pig/2016/O	2016.0	0.6369253087	0.05879014629746049
KY086465/KOR/pig/2016/O	2016.0	0.6373827343	0.05924757189746055
KY086466/KOR/pig/2016/O	2016.0	0.6403864912000001	0.06225132879746065
KX162590/KOR/pig/2014/O	2014.0	0.626909723	0.05130011902251286
LC149720/JPN/pig/2010/O	2010.0	0.598775477	0.028216989872618337
LC149681/JPN/cow/2010/O	2010.0	0.5969389815000001	0.026380494372618468
LC149620/JPN/cow/2010/O	2010.0	0.5969367640000001	0.0263782768726184
LC149713/JPN/cow/2010/O	2010.0	0.5983182294	0.02775974227261835
LC149669/JPN/cow/2010/O	2010.0	0.5969485499	0.02639006277261835
LC149644/JPN/cow/2010/O	2010.0	0.5969484586	0.026389971472618345
LC149639/JPN/pig/2010/O	2010.0	0.5969421513	0.026383664172618282
LC149670/JPN/cow/2010/O	2010.0	0.5969390745	0.02638058737261839
LC149711/JPN/cow/2010/O	2010.0	0.5969486584000001	0.026390171272618446
LC149641/JPN/pig/2010/O	2010.0	0.5969486584000001	0.026390171272618446
LC149674/JPN/cow/2010/O	2010.0	0.5969486584000001	0.026390171272618446
LC149687/JPN/cow/2010/O	2010.0	0.5969486584000001	0.026390171272618446
LC149679/JPN/pig/2010/O	2010.0	0.5969486584000001	0.026390171272618446
LC149698/JPN/cow/2010/O	2010.0	0.5969486584000001	0.026390171272618446
LC149697/JPN/pig/2010/O	2010.0	0.5974048477	0.026846360572618355
LC149651/JPN/cow/2010/O	2010.0	0.5974048742	0.026846387072618327
LC149684/JPN/pig/2010/O	2010.0	0.5974003898	0.026841902672618323
LC149640/JPN/cow/2010/O	2010.0	0.5969428749000001	0.026384387772618423
LC149632/JPN/pig/2010/O	2010.0	0.5969401558	0.026381668672618375
LC149658/JPN/pig/2010/O	2010.0	0.5969419386000001	0.026383451472618447
LC149653/JPN/pig/2010/O	2010.0	0.5969418051	0.02638331797261828
LC149712/JPN/cow/2010/O	2010.0	0.5973976760999999	0.026839188972618278
LC149707/JPN/cow/2010/O	2010.0	0.5973928929000001	0.02683440577261842
LC149659/JPN/cow/2010/O	2010.0	0.5969384070000001	0.02637991987261845
LC149716/JPN/cow/2010/O	2010.0	0.5978555868	0.027297099672618286
LC036265/JPN/cattle/2010/O	2010.0	0.5992268922000001	0.028668405072618475
LC149631/JPN/cow/2010/O	2010.0	0.5978605993000001	0.027302112172618465
LC149629/JPN/cow/2010/O	2010.0	0.5978620974	0.027303610272618295
LC149617/JPN/cow/2010/O	2010.0	0.5992442707000001	0.028685783572618417
KF112885/JPN/cattle/2010/O	2010.0	0.5987812540999999	0.028222766972618274
LC149621/JPN/wild-water-buffalo/2010/O	2010.0	0.5969424029000001	0.02638391577261845
LC149692/JPN/pig/2010/O	2010.0	0.5978563357	0.0272978485726183
LC149622/JPN/cow/2010/O	2010.0	0.5973933363000001	0.02683484917261847
LC149705/JPN/cow/2010/O	2010.0	0.5964735569000001	0.025915069772618482
LC149625/JPN/cow/2010/O	2010.0	0.5964735569000001	0.025915069772618482
LC149671/JPN/cow/2010/O	2010.0	0.5964735569000001	0.025915069772618482
LC149695/JPN/cow/2010/O	2010.0	0.5964735569000001	0.025915069772618482
LC149664/JPN/cow/2010/O	2010.0	0.5964735569000001	0.025915069772618482
LC149627/JPN/pig/2010/O	2010.0	0.5964735569000001	0.025915069772618482
LC149633/JPN/pig/2010/O	2010.0	0.5964735569000001	0.025915069772618482
LC149693/JPN/cow/2010/O	2010.0	0.5964735569000001	0.025915069772618482
LC149680/JPN/cow/2010/O	2010.0	0.5964735569000001	0.025915069772618482
LC149652/JPN/pig/2010/O	2010.0	0.5964735569000001	0.025915069772618482
LC149694/JPN/cow/2010/O	2010.0	0.5964735569000001	0.025915069772618482
LC149645/JPN/cow/2010/O	2010.0	0.5964735569000001	0.025915069772618482
LC149650/JPN/cow/2010/O	2010.0	0.5964735569000001	0.025915069772618482
LC149675/JPN/cow/2010/O	2010.0	0.5964735569000001	0.025915069772618482
LC149656/JPN/cow/2010/O	2010.0	0.5964735569000001	0.025915069772618482
LC149626/JPN/cow/2010/O	2010.0	0.5964735569000001	0.025915069772618482
LC149628/JPN/pig/2010/O	2010.0	0.5964735569000001	0.025915069772618482
LC149700/JPN/cow/2010/O	2010.0	0.5964735569000001	0.025915069772618482
LC149696/JPN/cow/2010/O	2010.0	0.5969388921000001	0.0263804049726184
LC149690/JPN/pig/2010/O	2010.0	0.5969388921000001	0.0263804049726184
LC149668/JPN/cow/2010/O	2010.0	0.5978497467000001	0.027291259572618465
LC149682/JPN/cow/2010/O	2010.0	0.5973951841	0.026836696972618368
LC149676/JPN/pig/2010/O	2010.0	0.5978566176	0.02729813047261831
LC149657/JPN/pig/2010/O	2010.0	0.5973952781	0.026836790972618374
LC149688/JPN/pig/2010/O	2010.0	0.5978519255000001	0.02729343837261844
LC149643/JPN/pig/2010/O	2010.0	0.5969351876	0.02637670047261831
LC149689/JPN/cow/2010/O	2010.0	0.5987651476	0.028206660472618328
LC149686/JPN/cow/2010/O	2010.0	0.598307192	0.02774870487261838
LC149663/JPN/cow/2010/O	2010.0	0.5987630558000001	0.028204568672618446
LC149655/JPN/cow/2010/O	2010.0	0.5978455237	0.02728703657261833
LC149718/JPN/cow/2010/O	2010.0	0.5996831101	0.029124622972618308
LC149634/JPN/pig/2010/O	2010.0	0.5996831102	0.029124623072618316
LC149660/JPN/cow/2010/O	2010.0	0.5987622722000001	0.028203785072618448
LC149673/JPN/cow/2010/O	2010.0	0.5983007933	0.027742306172618303
LC149647/JPN/cow/2010/O	2010.0	0.5969308347	0.026372347572618304
LC149708/JPN/cow/2010/O	2010.0	0.5973852668000001	0.026826779672618484
LC149685/JPN/cow/2010/O	2010.0	0.5973944108	0.026835923672618334
LC149646/JPN/pig/2010/O	2010.0	0.5978525442	0.02729405707261834
LC149677/JPN/cow/2010/O	2010.0	0.5969384989	0.026380011772618284
LC149619/JPN/cow/2010/O	2010.0	0.5969384989	0.026380011772618284
LC149665/JPN/cow/2010/O	2010.0	0.5969384989	0.026380011772618284
LC149667/JPN/cow/2010/O	2010.0	0.5969384989	0.026380011772618284
LC149649/JPN/pig/2010/O	2010.0	0.5987697415	0.02821125437261829
LC149642/JPN/cow/2010/O	2010.0	0.5983092522	0.02775076507261831
LC149648/JPN/cow/2010/O	2010.0	0.5969282826	0.026369795472618307
LC149623/JPN/cow/2010/O	2010.0	0.5969282837000001	0.026369796572618398
LC149706/JPN/cow/2010/O	2010.0	0.5973859883000001	0.02682750117261845
LC149704/JPN/cow/2010/O	2010.0	0.5973850306999999	0.026826543572618267
LC149672/JPN/cow/2010/O	2010.0	0.5969355639	0.026377076772618357
LC149636/JPN/cow/2010/O	2010.0	0.5969355639	0.026377076772618357
LC149637/JPN/pig/2010/O	2010.0	0.5969355639	0.026377076772618357
LC149638/JPN/cow/2010/O	2010.0	0.5973880887	0.026829601572618378
LC149702/JPN/pig/2010/O	2010.0	0.5969268657	0.026368378572618312
LC149683/JPN/cow/2010/O	2010.0	0.5969256574000001	0.02636717027261848
LC149661/JPN/cow/2010/O	2010.0	0.5969252529	0.026366765772618317
LC149717/JPN/cow/2010/O	2010.0	0.5978445644000001	0.027286077272618448
LC149709/JPN/cow/2010/O	2010.0	0.5973862447	0.02682775757261835
LC149699/JPN/cow/2010/O	2010.0	0.597381849	0.026823361872618356
LC149654/JPN/cow/2010/O	2010.0	0.5969279735999999	0.026369486472618275
LC149710/JPN/cow/2010/O	2010.0	0.5978374247	0.027278937572618345
LC149624/JPN/pig/2010/O	2010.0	0.5978379934	0.027279506272618326
LC149618/JPN/cow/2010/O	2010.0	0.5978379934	0.027279506272618326
LC149666/JPN/cow/2010/O	2010.0	0.5969215683	0.02636308117261832
LC149719/JPN/cow/2010/O	2010.0	0.5960076908	0.02544920367261838
JN998085/CHN/pig/2010/O	2010.0	0.5959951224	0.025436635272618302
KF112888/KOR/cattle/2011/O	2011.0	0.6002227488	0.028401482460091776
KF112883/RUS/pig/2010/O	2010.0	0.5978676649000001	0.02730917777261843
KF112887/KOR/pig/2010/O	2010.0	0.5969333700000001	0.026374882872618466
KF112889/HKG/pig/2010/O	2010.0	0.5948562662000001	0.02429777907261843
JN998086/CHN/cattle/2010/O	2010.0	0.5930280236000001	0.0224695364726184
HM055510/VNM/Unknown/2009/O	2009.0	0.5902524891	0.020956781185144546
KF112880/MMR/cattle/2009/O	2009.0	0.5894316472000001	0.020135939285144566
KF112879/THA/pig/2009/O	2009.0	0.5940377853000001	0.024742077385144556
KY444649/THA/pig/2016/O	2016.0	0.6188572762	0.04072211379746049
KY444648/THA/pig/2016/O	2016.0	0.6174814787	0.03934631629746055
KY444647/THA/pig/2016/O	2016.0	0.6183889214	0.04025375899746053
KY444645/THA/pig/2016/O	2016.0	0.6183889214	0.04025375899746053
KY444646/THA/pig/2016/O	2016.0	0.6178296187000001	0.0396944562974606
KY322672/MYS/cattle/2014/O	2014.0	0.5904708456000001	0.0148612416225129
OK318551/VNM/cattle/2016/O	2016.0	0.6459869452	0.06785178279746051
OK318546/VNM/buffalo/2017/O	2017.0	0.6654263463000001	0.086028404684934
KY322671/MYS/cattle/2014/O	2014.0	0.6292292965999999	0.05361969262251276
KY322670/LAO/cattle/2013/O	2013.0	0.6292160180999999	0.05486919333503937
KF112884/RUS/cattle/2010/O	2010.0	0.6032887853	0.0327302981726183
KF112881/MNG/cattle/2010/O	2010.0	0.6037502171	0.03319172997261832
KF112882/MNG/cattle/2010/O	2010.0	0.6028557562000001	0.03229726907261843
GU582115/VNM/Unknown/2009/O	2009.0	0.6014494104000001	0.0321537024851446
GU582116/VNM/Unknown/2009/O	2009.0	0.6023666771	0.033070969185144516
KY322673/MYS/cattle/2014/O	2014.0	0.6268755826000001	0.05126597862251292
HQ632772/MYS/cattle/2007/O	2007.0	0.5830058454	0.016235695910197245
KY444644/THA/pig/2013/O	2013.0	0.6003493629000001	0.0260025381350395
GU125650/VNM/cattle/2006/O	2006.0	0.619869993	0.05436262272272341
GU125649/VNM/cattle/2006/O	2006.0	0.5798383066	0.01433093632272342
GU125647/VNM/cattle/2006/O	2006.0	0.5793871262	0.013879755922723391
GU125648/VNM/buffalo/2006/O	2006.0	0.5789325501	0.013425179822723399
HQ632769/MYS/cattle/2001/O	2001.0	0.5641583595999999	0.004964885385355
AY593828/IND/Unknown/1962/O	1962.0	0.49260647809999997	-0.017338606826119596
AY593812/PHL/Unknown/1958/O	1958.0	0.5217946981000001	0.016900730023986066
AY593811/PHL/Unknown/1958/O	1958.0	0.5217946981000001	0.016900730023986066
KP940473/EGY/cattle/2014/O	2014.0	0.5238332719000001	-0.05177633207748711
AY593823/TUR/Unknown/1969/O	1969.0	0.5075592239000001	-0.011225315513803458
KY446903/PAK/water-buffalo/2005/O	2005.0	0.5166951664	-0.04754942466475043
KU726614/GRC/sheep/1994/O	1994.0	0.5504463154	9.229567303903341E-5
OP751924/IDN/cattle/2022/O	2022.0	0.6245747486	0.03886291092230265
OP585403/IDN/cattle/2022/O	2022.0	0.6239284775	0.03821663982230272
LC729872/THA/pig/2016/O	2016.0	0.5939483218	0.01581315939746053
LC729870/THA/cow/2016/O	2016.0	0.5934896551	0.015354492697460476
MG983741/VNM/cattle/2016/O	2016.0	0.594407321	0.016272158597460562
LC729871/THA/cow/2016/O	2016.0	0.5953820875	0.017246925097460508
LC438822/MMR/cow/2016/O	2016.0	0.5939753928	0.01584023039746052
MG983730/KOR/cattle/2017/O	2017.0	0.5967302105000001	0.017332268884934
MG983720/RUS/cattle/2016/O	2016.0	0.5939542151	0.015819052697460534
LC320038/MNG/cow/2015/O	2015.0	0.5953468983000001	0.018474515109986767
MF461724/CHN/cattle/2017/O	2017.0	0.594415482	0.01501754038493397
LC438823/MMR/cow/2016/O	2016.0	0.5972577402000001	0.019122577797460627
MH891503/VNM/cow/2017/O	2017.0	0.6011256395	0.021727697884933894
KX712091/BGD/pig/2015/O	2015.0	0.5875114213	0.010639038109986676
MG983719/NPL/cattle/2015/O	2015.0	0.5926780636	0.015805680409986644
MG983718/NPL/cattle/2015/O	2015.0	0.5888954045000001	0.012023021309986781
MG983729/SAU/cattle/2016/O	2016.0	0.5907752797000001	0.012640117297460618
MG983702/MUS/cattle/2016/O	2016.0	0.5912037995	0.013068637097460534
MG983701/MUS/cattle/2016/O	2016.0	0.5916602872000001	0.013525124797460597
MG983700/MUS/cattle/2016/O	2016.0	0.5916574094	0.013522246997460519
MG983699/MUS/cattle/2016/O	2016.0	0.5907478299	0.012612667497460484
MG983698/MUS/cattle/2016/O	2016.0	0.5902924561	0.012157293697460547
MG983703/MMR/cattle/2016/O	2016.0	0.5907689543000001	0.012633791897460611
MN953620/PAK/cattle/2019/O	2019.0	0.6064721646	0.024548664559881583
MN953619/PAK/cattle/2019/O	2019.0	0.6074310197	0.025507519659881628
MG983728/SAU/cattle/2016/O	2016.0	0.5926372177000001	0.014502055297460625
MG983727/SAU/cattle/2015/O	2015.0	0.5907499332999999	0.013877550109986592
MG983739/ARE/cattle/2016/O	2016.0	0.5940570738	0.015921911397460464
MG983738/ARE/cattle/2016/O	2016.0	0.5949695252	0.016834362797460534
MG983691/BTN/cattle/2016/O	2016.0	0.5954541566	0.017318994197460524
MG983710/NPL/water-buffalo/2012/O	2012.0	0.5755500364	0.0024659908475656023
MG983707/NPL/water-buffalo/2012/O	2012.0	0.5731320905999999	4.804504756550365E-5
MG983689/BTN/cattle/2012/O	2012.0	0.5717705485	-0.0013134970524344425
MN983156/IND/cattle/2008/O	2008.0	0.5554400626999999	-0.01259286600232945
MG983704/NPL/cattle/2008/O	2008.0	0.5529610732	-0.015071855502329368
KF985189/BGD/cattle/2013/O	2013.0	0.5726230715999999	-0.0017237531649606508
OM160625/DZA/sheep/2015/O	2015.0	0.5908148257000001	0.013942442509986774
KU291242/MAR/cow/2015/O	2015.0	0.596075927	0.01920354380998668
OM160624/DZA/cattle/2014/O	2014.0	0.5879937324	0.012384128422512797
OM160616/TUN/cattle/2014/O	2014.0	0.5889188586	0.013309254622512867
OM160610/TUN/cattle/2014/O	2014.0	0.5866034233999999	0.010993819422512763
MG983735/TUN/unknown/2014/O	2014.0	0.5861426489	0.010533044922512835
OM160611/TUN/cattle/2014/O	2014.0	0.5861397179	0.010530113922512796
OM160623/DZA/cattle/2014/O	2014.0	0.5879889837000001	0.012379379722512907
OM160622/DZA/cattle/2014/O	2014.0	0.5889075134999999	0.013297909522512752
OM160621/DZA/cattle/2014/O	2014.0	0.5870626917999999	0.011453087822512753
MG983683/DZA/unknown/2014/O	2014.0	0.5875203974000001	0.011910793422512889
OM160617/TUN/cattle/2014/O	2014.0	0.5893757238999999	0.013766119922512754
OM160614/TUN/cattle/2014/O	2014.0	0.5893819814000001	0.013772377422512916
OM160613/TUN/cattle/2014/O	2014.0	0.5856698051	0.010060201122512824
OM160612/TUN/cattle/2014/O	2014.0	0.5852091803	0.009599576322512848
OM160619/TUN/cattle/2014/O	2014.0	0.5908090009	0.01519939692251282
OM160618/TUN/cattle/2014/O	2014.0	0.5908090009	0.01519939692251282
OM160620/TUN/cattle/2014/O	2014.0	0.5903396350000001	0.014730031022512913
OM160615/TUN/cattle/2014/O	2014.0	0.586582935	0.010973331022512856
MG983696/LBY/cattle/2013/O	2013.0	0.584733767	0.010386942235039442
MG983694/LBY/cattle/2013/O	2013.0	0.5819357631	0.007588938335039375
KJ206909/LBY/cattle/2013/O	2013.0	0.5819375949	0.007590770135039393
MG983695/LBY/cattle/2013/O	2013.0	0.5810077616	0.006660936835039433
MG983697/LBY/cattle/2013/O	2013.0	0.5823918740999999	0.008045049335039356
MG983726/SAU/cattle/2014/O	2014.0	0.5853032716	0.00969366762251278
MG983724/SAU/cattle/2013/O	2013.0	0.5834133649	0.00906654013503938
MG983723/SAU/cattle/2013/O	2013.0	0.5829423524999999	0.008595527735039354
MG983722/SAU/cattle/2013/O	2013.0	0.5810613147	0.006714489935039425
KJ206910/SAU/cattle/2013/O	2013.0	0.5806008815	0.006254056735039426
MG983721/SAU/cattle/2013/O	2013.0	0.5810589397	0.006712114935039426
MG983725/SAU/cattle/2014/O	2014.0	0.5819898625	0.006380258522512783
KJ825802/IND/cattle/2013/O	2013.0	0.579202911	0.004856086235039414
MN095355/IND/cattle/2013/O	2013.0	0.5870099469000001	0.012663122135039506
MN095371/IND/cattle/2014/O	2014.0	0.5836926521	0.008083048122512815
MN095367/IND/cattle/2014/O	2014.0	0.5836926521	0.008083048122512815
MN095368/IND/cattle/2014/O	2014.0	0.5836926521	0.008083048122512815
MN095366/IND/cattle/2014/O	2014.0	0.5836926521	0.008083048122512815
MN095369/IND/cattle/2014/O	2014.0	0.5836926521	0.008083048122512815
MN095370/IND/cattle/2014/O	2014.0	0.5836926521	0.008083048122512815
MN095364/IND/cattle/2014/O	2014.0	0.5841502507999999	0.008540646822512765
MN095365/IND/cattle/2014/O	2014.0	0.5841466974999999	0.008537093522512751
MG983715/NPL/cattle/2014/O	2014.0	0.5832322029	0.007622598922512824
MG983716/NPL/cattle/2014/O	2014.0	0.5846284568	0.009018852822512802
MN095354/IND/cattle/2013/O	2013.0	0.5836959204	0.009349095635039384
KJ825806/IND/cattle/2013/O	2013.0	0.5879239681999999	0.013577143435039352
KJ825804/IND/cattle/2013/O	2013.0	0.5809162734	0.006569448635039388
KJ825807/IND/cattle/2014/O	2014.0	0.5860404368	0.010430832822512781
KJ825805/IND/cattle/2013/O	2013.0	0.5827625987999999	0.008415774035039347
KJ825809/IND/buffalo/2013/O	2013.0	0.5836875111	0.009340686335039372
MN095363/IND/cattle/2013/O	2013.0	0.5841818864	0.009835061635039444
MN095359/IND/cattle/2013/O	2013.0	0.5841818864	0.009835061635039444
MN095358/IND/cattle/2013/O	2013.0	0.5841818864	0.009835061635039444
MN095361/IND/cattle/2013/O	2013.0	0.5841818864	0.009835061635039444
MN095360/IND/cattle/2013/O	2013.0	0.5846418165999999	0.010294991835039347
MN095357/IND/cattle/2013/O	2013.0	0.5860263204	0.01167949563503945
MN095356/IND/cattle/2013/O	2013.0	0.5855677765	0.011220951735039453
MN095362/IND/cattle/2013/O	2013.0	0.5851005385	0.010753713735039416
MG983714/NPL/pig/2013/O	2013.0	0.5879598993999999	0.013613074635039357
MG983740/VNM/cattle/2015/O	2015.0	0.5945516468	0.01767926360998673
KY657269/VNM/pig/2015/O	2015.0	0.5945510547	0.0176786715099867
MG983693/LAO/unknown/2015/O	2015.0	0.5937162947000001	0.016843911509986764
MG983737/ARE/gazelle/2014/O	2014.0	0.5841792873	0.008569683322512844
MG983736/ARE/gazelle/2014/O	2014.0	0.5841799406	0.00857033662251283
MG983734/LKA/water-buffalo/2014/O	2014.0	0.5869723348	0.011362730822512823
MG983733/LKA/cattle/2014/O	2014.0	0.5869578277	0.011348223722512873
MG983732/LKA/cattle/2014/O	2014.0	0.584169031	0.008559427022512778
MG983731/LKA/cattle/2013/O	2013.0	0.5851486927999999	0.010801868035039353
MG983690/BTN/cattle/2016/O	2016.0	0.5948737877000001	0.01673862529746062
MG983686/BHR/cattle/2015/O	2015.0	0.5929585668999999	0.0160861837099866
MG983685/BHR/cattle/2015/O	2015.0	0.5923155437000001	0.01544316050998673
MG983711/NPL/cattle/2013/O	2013.0	0.5852416023	0.010894777535039424
KJ825808/IND/cattle/2013/O	2013.0	0.5804618127	0.006114987935039395
KJ825801/IND/cattle/2013/O	2013.0	0.5809103404	0.00656351563503943
KJ825803/IND/cattle/2013/O	2013.0	0.5809230111	0.0065761863350394245
MG983717/NPL/cattle/2015/O	2015.0	0.5892617277000001	0.012389344509986744
MG983709/NPL/cattle/2012/O	2012.0	0.5752869403	0.0022028947475656313
MG983708/NPL/cattle/2012/O	2012.0	0.5762106445	0.0031265989475656175
KJ206908/BTN/cattle/2013/O	2013.0	0.5752729754	9.261506350394244E-4
MG983713/NPL/cattle/2013/O	2013.0	0.581700601	0.007353776235039411
MG983712/NPL/cattle/2013/O	2013.0	0.5816639529	0.007317128135039375
MG983706/NPL/cattle/2010/O	2010.0	0.5570087231999999	-0.01354976392738172
MG983687/BTN/cattle/2009/O	2009.0	0.5527677392	-0.016527968714855512
MG983705/NPL/cattle/2010/O	2010.0	0.5541600872	-0.01639839992738168
MG983692/IRN/cattle/2009/O	2009.0	0.5617872790999999	-0.007508428814855583
MG983688/BTN/cattle/2009/O	2009.0	0.5574626868	-0.011833021114855513
MG983684/BGD/cattle/2009/O	2009.0	0.5535510897	-0.01574461821485551
MN983158/IND/cattle/2009/O	2009.0	0.5602039761	-0.009091731814855564
MK071699/BGD/cattle/2013/O	2013.0	0.5686055328999999	-0.00574129186496064
MN983155/IND/cattle/2008/O	2008.0	0.5401397918999999	-0.02789313680232941
MN983154/IND/cattle/2005/O	2005.0	0.5392654908	-0.024979100264750476
MN983153/IND/cattle/2001/O	2001.0	0.5337935117000001	-0.025399962514644825
MN983157/IND/cattle/2009/O	2009.0	0.5688788334	-4.168745148555031E-4
MN983152/IND/cattle/1997/O	1997.0	0.5332351659000001	-0.020907191464539787
MT018551/ISR/cattle/2018/O	2018.0	0.6119249556999999	0.031264234872407703
MT018550/ISR/cattle/2018/O	2018.0	0.6085596312	0.02789891037240777
MT018549/ISR/cattle/2018/O	2018.0	0.6114746073999999	0.03081388657240769
MT018548/ISR/pig/2018/O	2018.0	0.6138530916	0.033192370772407775
OK019689/IRN/cow/2016/O	2016.0	0.5949029833	0.01676782089746054
MT944981/IRN/dog/2016/O	2016.0	0.5884280725	0.010292910097460473
MT944983/IRN/goat/2016/O	2016.0	0.5892951864	0.011160023997460522
MT944982/IRN/goat/2016/O	2016.0	0.5892946564	0.011159493997460523
OM456136/PAK/buffalo/2012/O	2012.0	0.5800437816	0.006959736047565612
KC440883/EGY/Unknown/2011/O	2011.0	0.5829582167999999	0.011136950460091666
FJ175666/ISR/cattle/2007/O	2007.0	0.5485030371999999	-0.018267112289802823
OQ211386/Unknown/cattle/2007/O	2007.0	0.5485030371999999	-0.018267112289802823
OQ211392/Unknown/cattle/2007/O	2007.0	0.5485030371999999	-0.018267112289802823
FJ175664/ISR/cattle/2007/O	2007.0	0.5485030371999999	-0.018267112289802823
FJ175663/ISR/cattle/2007/O	2007.0	0.5512406876	-0.015529461889802754
OQ211355/Unknown/cattle/2007/O	2007.0	0.5516984775999999	-0.015071671889802851
OQ211399/Unknown/gazelle/2007/O	2007.0	0.5530976676999999	-0.013672481789802848
OQ211370/Unknown/cattle/2007/O	2007.0	0.5494154199	-0.017354729589802775
OQ211398/Unknown/gazelle/2007/O	2007.0	0.5489589314	-0.017811218089802794
OQ211382/Unknown/gazelle/2007/O	2007.0	0.5489589314	-0.017811218089802794
OQ211383/Unknown/gazelle/2007/O	2007.0	0.5489589314	-0.017811218089802794
OQ211391/Unknown/cattle/2007/O	2007.0	0.5498661829	-0.016903966589802755
OQ211390/Unknown/cattle/2007/O	2007.0	0.5503230191999999	-0.016447130289802825
OQ211381/Unknown/gazelle/2007/O	2007.0	0.5494074026	-0.01736274688980277
OQ211407/Unknown/sheep/2007/O	2007.0	0.5484796781	-0.018290471389802776
OQ211375/Unknown/sheep/2007/O	2007.0	0.5489342944	-0.017835855089802788
OQ211361/Unknown/sheep/2007/O	2007.0	0.5498528993999999	-0.016917250089802827
OQ211366/Unknown/sheep/2007/O	2007.0	0.548023081	-0.018747068489802787
OQ211367/Unknown/sheep/2007/O	2007.0	0.5489308169999999	-0.01783933248980285
OQ211406/Unknown/sheep/2007/O	2007.0	0.5507785237999999	-0.015991625689802835
OQ211349/Unknown/sheep/2007/O	2007.0	0.5480291585	-0.018740990989802753
OQ211387/Unknown/cattle/2007/O	2007.0	0.5498521758999999	-0.01691797358980285
OQ211360/Unknown/cattle/2007/O	2007.0	0.5507679593	-0.016002190189802756
OQ211359/Unknown/cattle/2007/O	2007.0	0.5521440143999999	-0.014626135089802816
OQ211357/Unknown/cattle/2007/O	2007.0	0.5516842778	-0.015085871689802799
OQ211358/Unknown/cattle/2007/O	2007.0	0.5512264472999999	-0.015543702189802833
OQ211356/Unknown/cattle/2007/O	2007.0	0.5507745839	-0.01599556558980275
OQ211362/Unknown/sheep/2007/O	2007.0	0.5484849949999999	-0.018285154489802835
OQ211397/Unknown/sheep/2007/O	2007.0	0.5480287654999999	-0.01874138398980285
OQ211384/Unknown/cattle/2007/O	2007.0	0.5480271434999999	-0.01874300598980283
OQ211373/Unknown/goat/2007/O	2007.0	0.5484845463	-0.018285603189802768
OQ211372/Unknown/goat/2007/O	2007.0	0.548938943	-0.017831206489802742
OQ211371/Unknown/goat/2007/O	2007.0	0.5503213056999999	-0.016448843789802825
OQ211388/Unknown/sheep/2007/O	2007.0	0.5475697985	-0.019200350989802772
OQ211377/Unknown/cattle/2007/O	2007.0	0.5480273917999999	-0.018742757689802825
FJ175665/ISR/cattle/2007/O	2007.0	0.5484853968	-0.018284752689802786
OQ211365/Unknown/sheep/2007/O	2007.0	0.5484853968	-0.018284752689802786
OQ211396/Unknown/cattle/2007/O	2007.0	0.5498523006999999	-0.016917848789802847
OQ211364/Unknown/sheep/2007/O	2007.0	0.5489404810999999	-0.017829668389802822
OQ211374/Unknown/cattle/2007/O	2007.0	0.5484842215	-0.018285927989802775
OQ211404/Unknown/cattle/2007/O	2007.0	0.5493921618	-0.01737798768980281
OQ211405/Unknown/cattle/2007/O	2007.0	0.5498448577999999	-0.016925291689802835
OQ211363/Unknown/sheep/2007/O	2007.0	0.5507736373	-0.015996512189802803
OQ211380/Unknown/cattle/2007/O	2007.0	0.5503118271999999	-0.016458322289802818
OQ211353/Unknown/sheep/2007/O	2007.0	0.5489351595999999	-0.01783498988980281
OQ211376/Unknown/cattle/2007/O	2007.0	0.5498443651999999	-0.016925784289802848
OQ211354/Unknown/cattle/2007/O	2007.0	0.5480245093999999	-0.01874564008980284
FJ175662/ISR/cattle/2007/O	2007.0	0.548484325	-0.01828582448980276
OQ211403/Unknown/cattle/2007/O	2007.0	0.551717071	-0.015053078489802751
OQ211385/Unknown/cattle/2007/O	2007.0	0.5471112451	-0.019658904389802778
OQ211402/Unknown/cattle/2007/O	2007.0	0.5526386285	-0.014131520989802748
OQ211401/Unknown/cattle/2007/O	2007.0	0.5526407004999999	-0.01412944898980284
OQ211400/Unknown/cattle/2007/O	2007.0	0.5517257982999999	-0.015044351189802851
OQ211394/Unknown/cattle/2007/O	2007.0	0.5512637414	-0.015506408089802748
OQ211393/Unknown/goat/2007/O	2007.0	0.5517185191999999	-0.015051630289802831
OQ211378/Unknown/cattle/2007/O	2007.0	0.5512723626	-0.015497786889802745
FJ175661/ISR/goat/2007/O	2007.0	0.5475699955	-0.019200153989802793
OQ211389/Unknown/goat/2006/O	2006.0	0.5475699955	-0.017937374777276638
OQ211369/Unknown/cattle/2007/O	2007.0	0.5484822768	-0.01828787268980281
OQ211352/Unknown/cattle/2007/O	2007.0	0.5484789545	-0.018291194989802806
OQ211351/Unknown/goat/2007/O	2007.0	0.5480250826999999	-0.01874506678980281
OQ211350/Unknown/cattle/2007/O	2007.0	0.5480250826999999	-0.01874506678980281
MN062582/PAK/buffalo/2009/O	2009.0	0.5571984997999999	-0.012097208114855595
KM268895/TUR/cattle/2013/O	2013.0	0.565559407	-0.008787417764960614
OM456150/PAK/buffalo/2010/O	2010.0	0.5733280793	0.002769592172618296
OM456147/PAK/cattle/2011/O	2011.0	0.5786815096	0.006860243260091714
OM456139/PAK/buffalo/2011/O	2011.0	0.5759418485	0.004120582160091701
MN062585/TUR/cattle/2010/O	2010.0	0.5757710183	0.005212531172618329
JX040492/TUR/cattle/2010/O	2010.0	0.574852566	0.004294078872618345
JX040501/ISR/cattle/2011/O	2011.0	0.5776931298	0.00587186346009172
JX040500/TUR/cattle/2011/O	2011.0	0.5775922228	0.005770956460091736
JX040499/TUR/cattle/2011/O	2011.0	0.5771273605	0.005306094160091757
JX040497/TUR/cattle/2010/O	2010.0	0.5734399397	0.0028814525726182927
JX040496/TUR/cattle/2010/O	2010.0	0.5752830459	0.004724558772618348
JX040490/BGR/cattle/2011/O	2011.0	0.5798688971	0.00804763076009174
JX040487/BGR/cattle/2011/O	2011.0	0.5794147795	0.007593513160091714
JX040489/BGR/cattle/2011/O	2011.0	0.5785022412999999	0.006680974960091679
JX040488/BGR/cattle/2011/O	2011.0	0.5785022412999999	0.006680974960091679
JX040486/BGR/cattle/2011/O	2011.0	0.5789608995	0.007139633160091696
JX066665/BGR/cattle/2011/O	2011.0	0.5771166211000001	0.005295354760091797
JX066664/BGR/cattle/2011/O	2011.0	0.5762001031	0.004378836760091764
JX040485/BGR/pig/2010/O	2010.0	0.5761979075	0.005639420372618331
JX040494/TUR/cattle/2010/O	2010.0	0.5729864949	0.0024280077726183125
JX040491/TUR/cattle/2010/O	2010.0	0.5725274847999999	0.0019689976726182667
JX040493/TUR/cattle/2010/O	2010.0	0.5743544245	0.0037959373726182966
JX040495/TUR/cattle/2010/O	2010.0	0.5729834775	0.002424990372618341
JX040498/TUR/cattle/2010/O	2010.0	0.5729946298999999	0.002436142772618277
MN062580/IRN/cattle/2010/O	2010.0	0.5706951995	1.367123726183639E-4
OM456149/PAK/cattle/2012/O	2012.0	0.5820104661	0.008926420547565539
OM456133/PAK/cattle/2012/O	2012.0	0.5820108674	0.008926821847565547
OM456148/PAK/buffalo/2012/O	2012.0	0.5787949429	0.00571089734756558
OM456143/PAK/buffalo/2012/O	2012.0	0.5815469642	0.008462918647565543
OM456131/PAK/buffalo/2012/O	2012.0	0.5815485839	0.008464538347565553
OM456130/PAK/buffalo/2012/O	2012.0	0.5829186773	0.009834631747565603
OM456129/PAK/buffalo/2012/O	2012.0	0.5797082877999999	0.006624242247565526
OM456128/PAK/buffalo/2012/O	2012.0	0.5797082877999999	0.006624242247565526
OM456135/PAK/cattle/2012/O	2012.0	0.5815404016	0.00845635604756556
OM456134/PAK/cattle/2012/O	2012.0	0.5810791708999999	0.007995125347565524
OM456132/PAK/buffalo/2012/O	2012.0	0.5789015264	0.005817480847565615
OM456146/PAK/cattle/2010/O	2010.0	0.5753855109	0.004827023772618344
OM456145/PAK/buffalo/2010/O	2010.0	0.5753855109	0.004827023772618344
OM456144/PAK/cattle/2010/O	2010.0	0.5746686677	0.0041101805726183605
MN062579/IRN/cattle/2010/O	2010.0	0.5716209776	0.0010624904726183049
OM456138/PAK/buffalo/2009/O	2009.0	0.5679103837	-0.0013853242148554878
OM456142/PAK/buffalo/2011/O	2011.0	0.5651529715	-0.006668294839908273
OM456140/PAK/buffalo/2011/O	2011.0	0.5665255844	-0.005295681939908259
OM456137/PAK/cattle/2012/O	2012.0	0.5864920108	0.0134079652475656
OM456141/PAK/buffalo/2011/O	2011.0	0.5646932874999999	-0.007127978839908344
MH784405/PAK/cattle/2017/O	2017.0	0.6092838953999999	0.02988595378493386
MH784404/PAK/water-buffalo/2017/O	2017.0	0.6018585992000001	0.022460657584933985
MH784403/PAK/cattle/2016/O	2016.0	0.6039085652	0.025773402797460543
GU384683/PAK/buffalo/2008/O	2008.0	0.5470273285999999	-0.021005600102329436
GU384682/PAK/cattle/2008/O	2008.0	0.5470273285999999	-0.021005600102329436
MN062583/PAK/cattle/2009/O	2009.0	0.5592412966	-0.010054411314855516
HQ113232/PAK/cow/2009/O	2009.0	0.5576652406	-0.011630467314855508
JF749852/Unknown/Unknown/2004/O	2004.0	0.5328728804	-0.03010893145222382
HQ632770/MYS/cattle/2004/O	2004.0	0.5333700914	-0.029611720452223822
HQ268524/BTN/Unknown/2004/O	2004.0	0.5317188881000001	-0.031262923752223726
OP957418/BGD/cattle/2021/O	2021.0	0.5663559079	-0.018093150565171134
ON868588/VNM/water-buffalo/2018/O	2018.0	0.6019039355	0.02124321467240775
ON868587/VNM/cow/2017/O	2017.0	0.5942000954	0.01480215378493388
ON868583/VNM/Unknown/2018/O	2018.0	0.6105246525000001	0.029863931672407862
ON868580/VNM/cow/2017/O	2017.0	0.6034960501	0.024098108484933878
OK318550/VNM/cattle/2017/O	2017.0	0.6034960598000001	0.024098118184934014
ON868579/VNM/cow/2017/O	2017.0	0.6030326262000001	0.023634684584934007
OK318549/VNM/cattle/2017/O	2017.0	0.6043912813000001	0.024993339684934
ON868582/VNM/cow/2018/O	2018.0	0.6101335484000001	0.029472827572407878
ON868581/VNM/cow/2018/O	2018.0	0.5973014072	0.016640686372407787
MF947143/VNM/cattle/2013/O	2013.0	0.5718902596	-0.0024565651649606224
MF947132/VNM/buffalo/2015/O	2015.0	0.5956806746000001	0.018808291409986744
KY234502/CHN/pig/2015/O	2015.0	0.6034530304000001	0.026580647209986763
MF947131/VNM/pig/2013/O	2013.0	0.5724209675999999	-0.0019258571649606315
MF947137/VNM/buffalo/2012/O	2012.0	0.5872843489	0.014200303347565613
MF947127/VNM/buffalo/2012/O	2012.0	0.5883771357	0.015293090147565636
MF947123/VNM/buffalo/2011/O	2011.0	0.5597585096	-0.012062756739908309
KY234501/CHN/cow/2011/O	2011.0	0.5770549644	0.005233698060091774
MF947129/VNM/pig/2014/O	2014.0	0.5902905423	0.014680938322512826
MF947124/VNM/cattle/2012/O	2012.0	0.5722459654	-8.380801524344728E-4
MF947126/VNM/pig/2011/O	2011.0	0.562360146	-0.009461120339908313
MF947128/VNM/cattle/2010/O	2010.0	0.5579403843999999	-0.01261810272738173
MF143578/VNM/cattle/2013/O	2013.0	0.5735045766	-8.422481649605906E-4
MF143577/VNM/cattle/2013/O	2013.0	0.5725398470999999	-0.0018069776649606295
MF143576/VNM/cattle/2013/O	2013.0	0.5750617281	7.149033350394296E-4
MF143575/VNM/cattle/2012/O	2012.0	0.5704654978	-0.002618547752434419
MF143574/VNM/cattle/2012/O	2012.0	0.5681618091	-0.004922236452434392
MF143573/VNM/cattle/2012/O	2012.0	0.5758040556	0.002720010047565613
MF143572/VNM/cattle/2012/O	2012.0	0.5742621380999999	0.0011780925475655124
ON868586/VNM/cow/2017/O	2017.0	0.5858784102	0.006480468584933896
ON868585/VNM/Unknown/2018/O	2018.0	0.5940851627000001	0.013424441872407877
ON868584/VNM/cow/2017/O	2017.0	0.5915774760000001	0.012179534384934021
ON868578/VNM/cow/2019/O	2019.0	0.5862139268	0.00429042675988156
ON868572/VNM/cow/2019/O	2019.0	0.585684279	0.0037607789598815833
ON868543/VNM/Unknown/2018/O	2018.0	0.5808073474	1.4662657240771537E-4
ON868577/VNM/Unknown/2018/O	2018.0	0.5913833035	0.010722582672407777
ON868574/VNM/cow/2018/O	2018.0	0.5939623415999999	0.013301620772407707
ON868544/VNM/Unknown/2018/O	2018.0	0.5847416155	0.004080894672407798
ON868576/VNM/Unknown/2018/O	2018.0	0.5909600724	0.0102993515724078
ON868561/VNM/cow/2019/O	2019.0	0.5890208811	0.007097381059881558
ON868556/VNM/cow/2019/O	2019.0	0.5948803278000001	0.012956827759881717
ON868539/VNM/cow/2018/O	2018.0	0.5861478353999999	0.005487114572407692
ON868550/VNM/Unknown/2018/O	2018.0	0.5837770602	0.0031163393724077393
ON868571/VNM/cow/2018/O	2018.0	0.5875915944000001	0.006930873572407847
ON868525/VNM/water-buffalo/2018/O	2018.0	0.5837942402999999	0.0031335194724076976
ON868568/VNM/cow/2018/O	2018.0	0.5875109303000001	0.006850209472407887
OK318514/VNM/cattle/2018/O	2018.0	0.5833516459	0.002690925072407757
ON868528/VNM/pig/2018/O	2018.0	0.5819501303	0.0012894094724077432
OK318548/VNM/buffalo/2017/O	2017.0	0.5800747102	6.767685849339289E-4
ON868540/VNM/water-buffalo/2018/O	2018.0	0.5842647995	0.003604078672407751
OK318516/VNM/cattle/2018/O	2018.0	0.5856963851	0.005035664272407758
ON868569/VNM/water-buffalo/2018/O	2018.0	0.5885175027	0.007856781872407792
ON868563/VNM/water-buffalo/2018/O	2018.0	0.5887239754	0.008063254572407752
OK318547/VNM/cattle/2017/O	2017.0	0.5805383545	0.001140412884933939
ON868541/VNM/Unknown/2018/O	2018.0	0.5904660205000001	0.009805299672407841
ON868523/VNM/cow/2017/O	2017.0	0.5791542471	-2.436945150661174E-4
ON868520/VNM/cow/2017/O	2017.0	0.5791542471	-2.436945150661174E-4
ON868519/VNM/cow/2017/O	2017.0	0.5791542471	-2.436945150661174E-4
ON868522/VNM/cow/2017/O	2017.0	0.5791542471	-2.436945150661174E-4
ON868567/VNM/water-buffalo/2018/O	2018.0	0.5909620649	0.010301344072407792
ON868557/VNM/water-buffalo/2018/O	2018.0	0.5875762179999999	0.006915497172407692
ON868542/VNM/pig/2018/O	2018.0	0.5819120264	0.0012513055724077127
ON868566/VNM/cow/2018/O	2018.0	0.5913731997	0.010712478872407782
ON868560/VNM/cow/2018/O	2018.0	0.5889371144	0.008276393572407725
ON868529/VNM/cow/2018/O	2018.0	0.5866094516	0.005948730772407762
ON868527/VNM/cow/2018/O	2018.0	0.5823919412999999	0.0017312204724077018
ON868521/VNM/pig/2018/O	2018.0	0.5819060752999999	0.0012453544724077004
ON868555/VNM/cow/2018/O	2018.0	0.586670296	0.006009575172407744
ON868551/VNM/cow/2018/O	2018.0	0.5879582677	0.007297546872407801
ON868524/VNM/cow/2018/O	2018.0	0.5833070859	0.002646365072407786
ON868538/VNM/cow/2018/O	2018.0	0.584918575	0.00425785417240776
ON868526/VNM/cow/2018/O	2018.0	0.5858732811999999	0.005212560372407693
OK318517/VNM/cattle/2018/O	2018.0	0.5847593798999999	0.0040986590724076954
ON868549/VNM/cow/2018/O	2018.0	0.5837969706	0.0031362497724077842
ON868564/VNM/cow/2018/O	2018.0	0.5890245342	0.008363813372407769
ON868546/VNM/Unknown/2018/O	2018.0	0.5865470355	0.005886314672407744
ON868531/VNM/Unknown/2018/O	2018.0	0.5893318736	0.008671152772407709
ON868530/VNM/Unknown/2018/O	2018.0	0.5884002362	0.007739515372407801
OK318544/VNM/cattle/2018/O	2018.0	0.5884004399	0.00773971907240778
ON868537/VNM/Unknown/2018/O	2018.0	0.5865477718	0.005887050972407715
ON868533/VNM/Unknown/2018/O	2018.0	0.5842285126	0.0035677917724077357
OK318545/VNM/cattle/2018/O	2018.0	0.584226556	0.0035658351724077164
ON868532/VNM/Unknown/2018/O	2018.0	0.5869835400000001	0.006322819172407845
ON868535/VNM/Unknown/2018/O	2018.0	0.5884078875000001	0.007747166672407824
ON868534/VNM/Unknown/2018/O	2018.0	0.5912609789000001	0.010600258072407831
ON868545/VNM/cow/2018/O	2018.0	0.5890087397000001	0.00834801887240788
ON868536/VNM/cow/2018/O	2018.0	0.5805214779	-1.3924292759226464E-4
ON868547/VNM/cow/2018/O	2018.0	0.5884032666000001	0.0077425457724078495
OK318526/VNM/buffalo/2018/O	2018.0	0.5977253452	0.017064624372407744
OK318523/VNM/pig/2018/O	2018.0	0.5914306648000001	0.010769943972407825
ON868575/VNM/Unknown/2018/O	2018.0	0.5932046116	0.012543890772407806
ON868562/VNM/cow/2019/O	2019.0	0.5919095615000001	0.009986061459881679
ON868558/VNM/cow/2019/O	2019.0	0.5917180445000001	0.009794544459881704
ON868559/VNM/Unknown/2018/O	2018.0	0.5887717795	0.0081110586724078
ON868573/VNM/Unknown/2019/O	2019.0	0.5891873985	0.007263898459881624
OK318518/VNM/goat/2018/O	2018.0	0.5864282796	0.005767558772407755
ON868565/VNM/cow/2019/O	2019.0	0.5938849103	0.011961410259881622
ON868570/VNM/Unknown/2019/O	2019.0	0.5928719875999999	0.010948487559881537
OK318536/VNM/cattle/2018/O	2018.0	0.5901197564	0.009459035572407792
ON868552/VNM/pig/2019/O	2019.0	0.5895738922	0.007650392159881614
OK318519/VNM/cattle/2018/O	2018.0	0.586792576	0.006131855172407774
ON868548/VNM/cow/2018/O	2018.0	0.5824946435	0.001833922672407784
JF749851/Unknown/Unknown/2001/O	2001.0	0.5367733022	-0.022420172014644968
AJ539138/CHN/Unknown/1999/O	1999.0	0.5196092715	-0.0370586442895926
KM257065/GBR/cattle/2001/O	2001.0	0.5316177776000001	-0.027575696614644873
DQ404159/GBR/cow/2001/O	2001.0	0.5320723906000001	-0.027121083614644825
DQ404160/GBR/cow/2001/O	2001.0	0.5311609743000001	-0.02803249991464485
DQ404158/GBR/sheep/2001/O	2001.0	0.5320783231	-0.02711515111464491
DQ404161/GBR/cow/2001/O	2001.0	0.5293338620000001	-0.029859612214644837
DQ404168/GBR/cow/2001/O	2001.0	0.5288735409	-0.030319933314644887
DQ404162/GBR/sheep/2001/O	2001.0	0.5316285430000001	-0.027564931214644872
KM257064/GBR/cattle/2001/O	2001.0	0.5297916807	-0.02940179351464489
EF552694/GBR/cattle/2001/O	2001.0	0.5297916807	-0.02940179351464489
EF552692/GBR/sheep/2001/O	2001.0	0.5293266911000001	-0.029866783114644857
DQ404170/GBR/sheep/2001/O	2001.0	0.5279620277000001	-0.031231446514644823
DQ404167/GBR/sheep/2001/O	2001.0	0.5293350134000001	-0.029858460814644827
DQ404165/GBR/cow/2001/O	2001.0	0.5293350134000001	-0.029858460814644827
DQ404166/GBR/cow/2001/O	2001.0	0.5293349652000001	-0.02985850901464482
EF552693/GBR/cattle/2001/O	2001.0	0.5284190470000001	-0.03077442721464485
EF552697/GBR/sheep/2001/O	2001.0	0.5284160018	-0.030777472414644902
EF552689/GBR/sheep/2001/O	2001.0	0.5284167851000001	-0.030776689114644817
EU214601/GBR/sheep/2001/O	2001.0	0.5275010121000001	-0.031692462114644826
EF552690/GBR/cattle/2001/O	2001.0	0.5275010121000001	-0.031692462114644826
DQ404169/GBR/sheep/2001/O	2001.0	0.5275010121000001	-0.031692462114644826
EF552695/GBR/sheep/2001/O	2001.0	0.5284109720000001	-0.030782502214644847
EF552691/GBR/cattle/2001/O	2001.0	0.5288640661	-0.030329408114644907
KM257063/GBR/cattle/2001/O	2001.0	0.5265985239000001	-0.03259495031464488
FJ542368/GBR/cattle/2001/O	2001.0	0.5265985239000001	-0.03259495031464488
AY593836/GBR/Unknown/2001/O	2001.0	0.5270585477	-0.03213492651464489
AY593831/GBR/Unknown/2002/O	2002.0	0.5270585477	-0.03339770572717149
AY593832/GBR/Unknown/2002/O	2002.0	0.5270586864000001	-0.03339756702717145
EF552696/GBR/cattle/2001/O	2001.0	0.5288850877000001	-0.030308386514644847
EF552688/GBR/sheep/2001/O	2001.0	0.5284321557	-0.03076131851464492
KM257062/GBR/cattle/2001/O	2001.0	0.5265963908000001	-0.032597083414644845
FJ542367/GBR/cattle/2001/O	2001.0	0.5265963908000001	-0.032597083414644845
FJ542371/GBR/cattle/2001/O	2001.0	0.5270543301	-0.03213914411464491
DQ404171/GBR/sheep/2001/O	2001.0	0.5265977899000001	-0.03259568431464488
KM257061/GBR/cattle/2001/O	2001.0	0.5261362756000001	-0.033057198614644845
DQ404179/GBR/pig/2001/O	2001.0	0.5261362756000001	-0.033057198614644845
DQ404178/GBR/pig/2001/O	2001.0	0.5261362756000001	-0.033057198614644845
DQ404180/GBR/pig/2001/O	2001.0	0.5261362756000001	-0.033057198614644845
DQ404176/GBR/cow/2001/O	2001.0	0.5261362756000001	-0.033057198614644845
FJ542370/GBR/cattle/2001/O	2001.0	0.5261362756000001	-0.033057198614644845
FJ542369/GBR/sheep/2001/O	2001.0	0.5261362756000001	-0.033057198614644845
AJ633821/FRA/Unknown/2001/O	2001.0	0.5261362756000001	-0.033057198614644845
FJ542365/GBR/cattle/2001/O	2001.0	0.5261362756000001	-0.033057198614644845
DQ404177/GBR/pig/2001/O	2001.0	0.5261362756000001	-0.033057198614644845
FJ542366/GBR/sheep/2001/O	2001.0	0.5261362756000001	-0.033057198614644845
FJ542372/GBR/cattle/2001/O	2001.0	0.5261375681000001	-0.03305590611464482
DQ404175/GBR/cow/2001/O	2001.0	0.5265923140000001	-0.032601160214644875
DQ404164/GBR/cow/2001/O	2001.0	0.5288841775	-0.030309296714644884
DQ404174/IRL/sheep/2001/O	2001.0	0.5265920040000001	-0.03260147021464488
AJ539141/GBR/Unknown/2001/O	2001.0	0.5265922907	-0.032601183514644916
DQ404173/GBR/cow/2001/O	2001.0	0.5265876092	-0.03260586501464491
DQ404172/GBR/cow/2001/O	2001.0	0.5265876092	-0.03260586501464491
DQ404163/GBR/cow/2001/O	2001.0	0.5321223462000001	-0.02707112801464484
AJ539140/ZAF/Unknown/2000/O	2000.0	0.5247188326000001	-0.03321186240211871
AB079061/JPN/Unknown/2000/O	2000.0	0.5281541584	-0.029776536602118764
HQ632768/MYS/pig/2000/O	2000.0	0.5265307089000001	-0.03139998610211869
AJ539137/TWN/Unknown/1999/O	1999.0	0.5233028777000001	-0.03336503808959257
AJ539136/TWN/Unknown/1999/O	1999.0	0.5228421376000001	-0.03382577818959254
AF377945/Unknown/Unknown/2000/O	2000.0	0.5499083459999999	-0.008022349002118845
