tip	date	distance	residual
OM863583/KEN/cattle/2013/SAT1	2013.0	0.4855398816027058	-0.00483057900311612
MT602085/KEN/cattle/2013/SAT1	2013.0	0.4877924342027058	-0.002578026403116107
OM562547/KEN/cow/2016/SAT1	2016.0	0.49932036780270583	0.0034929225467112968
OM562545/KEN/cow/2016/SAT1	2016.0	0.5010663585027058	0.005238913246711219
OM562525/KEN/cow/2016/SAT1	2016.0	0.5031579143027058	0.007330469046711308
OM562517/KEN/cow/2016/SAT1	2016.0	0.5031579143027058	0.007330469046711308
OM562523/KEN/cow/2016/SAT1	2016.0	0.5031579143027058	0.007330469046711308
OM562514/KEN/cow/2016/SAT1	2016.0	0.5031579143027058	0.007330469046711308
OM562519/KEN/cow/2016/SAT1	2016.0	0.5031579143027058	0.007330469046711308
OM562518/KEN/cow/2016/SAT1	2016.0	0.5031579143027058	0.007330469046711308
OM562516/KEN/cow/2016/SAT1	2016.0	0.5031579143027058	0.007330469046711308
OM562520/KEN/cow/2016/SAT1	2016.0	0.5031579143027058	0.007330469046711308
OM562522/KEN/cow/2016/SAT1	2016.0	0.5031579143027058	0.007330469046711308
OM562521/KEN/cow/2016/SAT1	2016.0	0.5031579143027058	0.007330469046711308
OM562515/KEN/cow/2016/SAT1	2016.0	0.5031579143027058	0.007330469046711308
OM562524/KEN/cow/2016/SAT1	2016.0	0.5031579143027058	0.007330469046711308
OM562546/KEN/cow/2016/SAT1	2016.0	0.5033063150027058	0.007478869746711303
OM562542/KEN/cow/2016/SAT1	2016.0	0.5107605257027058	0.014933080446711267
OM863582/KEN/cattle/2010/SAT1	2010.0	0.48614501040270586	0.0012315344470565925
MT602086/TZA/cattle/2012/SAT1	2012.0	0.4817779725027058	-0.006773493219725202
KM268899/TZA/cattle/2012/SAT1	2012.0	0.4822288491027058	-0.006322616619725219
OM562591/KEN/cow/2016/SAT1	2016.0	0.4857082074027058	-0.01011923785328872
OM562590/KEN/cow/2016/SAT1	2016.0	0.48517542660270585	-0.010652018653288686
OM562566/KEN/cow/2016/SAT1	2016.0	0.4804873994027058	-0.015340045853288742
OM562565/KEN/cow/2016/SAT1	2016.0	0.4819464463027058	-0.013880998953288759
OM562582/KEN/cow/2016/SAT1	2016.0	0.6882778613027057	0.1924504160467112
OM562543/KEN/cow/2016/SAT1	2016.0	0.6915515770027058	0.19572413174671122
OM562563/KEN/cow/2016/SAT1	2016.0	0.5729886732027059	0.07716122794671132
OM562541/KEN/cow/2016/SAT1	2016.0	0.48127613770270583	-0.014551307553288706
OM562539/KEN/cow/2016/SAT1	2016.0	0.48127613770270583	-0.014551307553288706
OM562538/KEN/cow/2016/SAT1	2016.0	0.48127613770270583	-0.014551307553288706
OM562535/KEN/cow/2016/SAT1	2016.0	0.48127613770270583	-0.014551307553288706
OM562537/KEN/cow/2016/SAT1	2016.0	0.48127613770270583	-0.014551307553288706
OM562536/KEN/cow/2016/SAT1	2016.0	0.48127613770270583	-0.014551307553288706
OM562540/KEN/cow/2016/SAT1	2016.0	0.48127613770270583	-0.014551307553288706
OM562576/KEN/cow/2016/SAT1	2016.0	0.48456514900270586	-0.011262296253288673
OM562534/KEN/cow/2016/SAT1	2016.0	0.4859481723027058	-0.00987927295328872
OM562527/KEN/cow/2016/SAT1	2016.0	0.4859481723027058	-0.00987927295328872
OM562528/KEN/cow/2016/SAT1	2016.0	0.4859481723027058	-0.00987927295328872
OM562531/KEN/cow/2016/SAT1	2016.0	0.4859481723027058	-0.00987927295328872
OM562533/KEN/cow/2016/SAT1	2016.0	0.4859495891027058	-0.009877856153288733
OM562526/KEN/cow/2016/SAT1	2016.0	0.4859495891027058	-0.009877856153288733
OM562532/KEN/cow/2016/SAT1	2016.0	0.4859495891027058	-0.009877856153288733
OM562530/KEN/cow/2016/SAT1	2016.0	0.48881221300270583	-0.007015232253288706
OM562529/KEN/cow/2016/SAT1	2016.0	0.48881221300270583	-0.007015232253288706
OM562571/KEN/cow/2016/SAT1	2016.0	0.49263928440270577	-0.0031881608532887684
OM562560/KEN/cow/2016/SAT1	2016.0	0.48028576940270584	-0.015541675853288694
OM562559/KEN/cow/2016/SAT1	2016.0	0.47601749750270583	-0.019809947753288704
OM562558/KEN/cow/2016/SAT1	2016.0	0.4727758641027058	-0.023051581153288758
MT602088/TZA/cattle/2014/SAT1	2014.0	0.4835852097027058	-0.008604245786506981
MT602087/TZA/cattle/2013/SAT1	2013.0	0.48507767690270576	-0.005292783703116144
MN116690/KEN/cow/2014/SAT1	2014.0	0.4979247106027058	0.005735255113493043
OM562602/KEN/cow/2014/SAT1	2014.0	0.4979247106027058	0.005735255113493043
MN116689/KEN/cow/2014/SAT1	2014.0	0.49833912550270576	0.0061496700134929805
OM562601/KEN/cow/2014/SAT1	2014.0	0.49833912550270576	0.0061496700134929805
OM562557/KEN/cow/2016/SAT1	2016.0	0.5046810180027058	0.00885357274671128
OM562556/KEN/cow/2016/SAT1	2016.0	0.5105037214027058	0.014676276146711298
OM562555/KEN/cow/2016/SAT1	2016.0	0.4970853580027058	0.001257912746711276
MN116691/KEN/cow/2016/SAT1	2016.0	0.5102079430027058	0.01438049774671124
MH053320/KEN/cattle/1983/SAT1	1983.0	0.4759813353027058	0.04018072119861116
JF749860/Unknown/Unknown/2002/SAT1	2002.0	0.46772692610270583	-0.00263459078581596
LC770123/IRQ/cattle/2023/SAT1	2023.0	0.31767765099729417	-0.19088275844243696
MH053324/UGA/cattle/1971/SAT1	1971.0	0.31767765099729417	-0.0962950245061095
MH053325/UGA/cattle/1978/SAT1	1978.0	0.3537984788972942	-0.0729071607898456
MH053323/TCD/cattle/1972/SAT1	1972.0	0.4456965174972942	0.029904847110499677
AY593844/ISR/Unknown/1962/SAT1	1962.0	0.42464951999729417	0.027047798444408855
MN275121/CMR/cow/2016/SAT1	2016.0	0.5184699382972943	0.022642493041299727
MN275118/CMR/cow/2016/SAT1	2016.0	0.5184699382972943	0.022642493041299727
MN275120/CMR/cow/2016/SAT1	2016.0	0.5184699382972943	0.022642493041299727
MN275119/CMR/cow/2016/SAT1	2016.0	0.5189248364972943	0.023097391241299725
MF678824/NER/cow/2015/SAT1	2015.0	0.5139001247972942	0.01989167442469053
MF678823/NER/cow/2015/SAT1	2015.0	0.5143571155972942	0.020348665224690587
MF678826/NER/cow/2015/SAT1	2015.0	0.5093181273972942	0.015309677024690549
MF678825/NER/cow/2015/SAT1	2015.0	0.5097716237972942	0.01576317342469058
MH053326/UGA/african-buffalo/1970/SAT1	1970.0	0.4210181085027058	0.008864427882693482
HM067706/UGA/african-buffalo/2007/SAT1	2007.0	0.3913618964027058	-0.08809459490277083
MH053322/NAM/african-buffalo/1989/SAT1	1989.0	0.41390879630270583	-0.032805787101734096
AY593845/BWA/Unknown/1968/SAT1	1968.0	0.3808723528027058	-0.02764333805052477
AY593843/NAM/Unknown/1940/SAT1	1940.0	0.3762840282027058	0.018700194084420696
AY593842/ZAF/Unknown/1961/SAT1	1961.0	0.3547778020027058	-0.04100492466678862
AY593841/ZWE/Unknown/1958/SAT1	1958.0	0.40114398100270576	0.01081823898338441
AY593840/NAM/Unknown/1949/SAT1	1949.0	0.4190302287027058	0.04507544063390234
AY593838/BWA/Unknown/1970/SAT1	1970.0	0.4423112330027058	0.030157552382693464
KU821590/NAM/cow/2010/SAT1	2010.0	0.3675171536027058	-0.11739632235294345
MN442540/ZAF/african-buffalo/1991/SAT1	1991.0	0.4614821226027058	0.011129549431484143
MN442538/ZAF/african-buffalo/1991/SAT1	1991.0	0.4295317391027058	-0.02082083406851587
MN442539/ZAF/african-buffalo/1991/SAT1	1991.0	0.4290865797027058	-0.021265993468515876
MH053321/MOZ/cattle/1981/SAT1	1981.0	0.4303821379027058	-0.001780486434606654
AY593846/ZWE/Unknown/1966/SAT1	1966.0	0.44670330650270584	0.04182560541625702
MW355669/ZMB/cattle/1988/SAT1	1988.0	0.4188873404027058	-0.026008248118343236
MW355668/TZA/cattle/1980/SAT1	1980.0	0.4375144083027058	0.007170778848784254
