1.074146624509691
0.08124118576455075
0.07508461418909462
0.15450405854897653
1.1045476203990212
0.1115738236485484
0.3036102879657463
0.08222407504374374
0.9710914899818555
1.8891341414289187
2.550697915847305
0.22941748984663946
9.05013520257123
3.8296673687085185
4.404776610103156
0.44314823491461475
5.533316585005826
5.510545581877256
4.862191705311492
3.613070751723556
0.9848498691504082
1.510284668411451
0.9391548585951908
1.8556957159936438
0.9483489147797011
2.4614733809408245
2.059576946663335
1.926808754076566
2.642357025975074
3.331221268334552
0.14021653534238254
0.951247146451097
0.32452943247648847
0.08986355158085502
0.6731763954387766
0.1625462702067999
0.5773286770771158
2.187670394999839
1.486436340461264
0.318014517197188
0.453387340492462
0.5431995495827309
2.6158781491988563
1.637978868016841
0.5044107432391716
0.0650359177215325
0.39421511708793666
5.01129563278899
4.6953935981144745
2.603008926362431
2.359058616905232
1.6021233886750945
2.468679650760147
1.1725554605959516
4.83782319554358
0.28364889086961953
1.7163280620341403
1.018373864729659
0.27099370443759163
1.4158083111673783
0.08624951557049165
0.817019440709867
1.1915110158640303
4.1608005993331165
0.344944862711996
0.27252699212002085
0.7481625165481045
0.10713526274768448
0.44060733041408895
0.06762594053766513
2.7133163247425838
9.500754404568166
8.172434532847081
48.60634289070241
0.07725672423161711
4.663852788012154
1.8066093969096375
6.131507129763024
1.6842256092655425
1.4071901464653447
2.0360633964605768
0.1693000171391681
0.23216873551172412
0.06589661509030442
0.2532936322919337
0.08202007545524737
0.43164252211154164
2.4835413905544357
0.6754546566461186
0.40700399744641835
0.530223112588625
0.0663925162831358
0.20917156896950395
0.4764050744900583
1.1024945347400434
0.09780015655481389
1.2395764140779693
1.151736785498974
0.08652714555449226
21.018848600680553
20.290706809389818
0.223798902303062
1.5767028833709968
0.15777589100685763
0.1390680059188818
0.22302269081423987
21.93241340968619
36.07336229310293
3.2574245771229755
34.10066953839016
2.879425077691124
0.11775481361368101
0.05765083559117912
0.12023440900837734
0.04503969621167947
0.11224212334347072
1.1246779086301615
2.56008536355494
46.752426578418124
