21.154504058548977
21.4350822189377
21.082224075043744
22.264282826686685
23.294387057607405
22.550697915847305
20.22941748984664
26.05013520257123
11.829667368708519
11.013679105644636
9.53097782902165
10.443148234914615
9.533316585005826
12.510545581877256
5.422669303490022
7.613070751723556
4.984849869150408
4.948348914779701
4.747605381696652
4.529358697687658
4.166743130892076
4.102910315916781
5.642357025975074
15.140216535342383
15.089863551580855
15.29245254543375
15.41476089186855
14.800600949578115
12.075927925890745
12.54319954958273
13.122406848137858
12.064960708829288
10.504410743239172
10.065035917721532
10.394215117087937
10.01129563278899
17.695393598114475
18.423331742751262
7.052512170380579
6.736050795884217
7.468679650760147
7.172555460595952
7.83782319554358
0.28364889086961953
11.71632806203414
15.018373864729659
10.270993704437592
9.436875526917357
8.086249515570492
8.817019440709867
8.19151101586403
8.06731636332299
9.344944862711996
9.27252699212002
7.7481625165481045
8.107135262747684
8.067625940537665
9.271665647981234
9.269376687771372
22.17243453284708
64.07725672423162
20.663852788012154
12.884848464742527
11.131507129763024
13.684225609265543
13.407190146465345
13.036063396460577
12.253293632291934
8.483541390554436
4.066392516283136
3.097800156554814
13.151736785498974
6.086527145554492
19.238238692005325
10.765502078318335
4.223798902303062
5.576702883370997
2.1577758910068576
2.139068005918882
5.22302269081424
28.93241340968619
41.07336229310293
26.257424577122976
23.83569600107765
5.092992397329487
4.0846368237331765
4.0890495168243275
3.082451455054952
4.070608904392873
65.87942507769112
57.56008536355494
97.75242657841812
