21.07414662450969
21.08124118576455
21.075084614189095
21.154504058548977
22.10454762039902
21.11157382364855
21.303610287965746
21.082224075043744
22.264282826686685
23.88913414142892
22.550697915847305
20.22941748984664
26.05013520257123
11.829667368708519
13.404776610103156
10.443148234914615
9.533316585005826
12.510545581877256
8.862191705311492
7.613070751723556
4.984849869150408
5.510284668411451
4.939154858595191
5.855695715993644
4.948348914779701
6.4614733809408245
6.059576946663335
4.926808754076566
5.642357025975074
6.331221268334552
15.140216535342383
15.951247146451097
15.324529432476488
15.089863551580855
15.673176395438777
15.1625462702068
15.577328677077116
6.187670394999839
7.486436340461264
11.318014517197188
11.453387340492462
12.54319954958273
13.615878149198856
13.637978868016841
10.504410743239172
10.065035917721532
10.394215117087937
10.01129563278899
17.695393598114475
20.60300892636243
7.359058616905232
7.6021233886750945
7.468679650760147
7.172555460595952
7.83782319554358
0.28364889086961953
11.71632806203414
15.018373864729659
10.270993704437592
10.415808311167378
8.086249515570492
8.817019440709867
8.19151101586403
10.160800599333117
9.344944862711996
9.27252699212002
7.7481625165481045
8.107135262747684
8.440607330414089
8.067625940537665
10.713316324742584
18.500754404568166
22.17243453284708
56.60634289070241
64.07725672423162
20.663852788012154
13.806609396909638
11.131507129763024
13.684225609265543
13.407190146465345
13.036063396460577
12.169300017139168
12.232168735511724
12.065896615090304
12.253293632291934
12.082020075455247
12.431642522111542
8.483541390554436
3.6754546566461186
3.4070039974464184
3.530223112588625
4.066392516283136
4.209171568969504
4.476405074490058
4.102494534740043
3.097800156554814
4.239576414077969
13.151736785498974
6.086527145554492
27.018848600680553
24.290706809389818
4.223798902303062
5.576702883370997
2.1577758910068576
2.139068005918882
5.22302269081424
28.93241340968619
41.07336229310293
26.257424577122976
37.10066953839016
65.87942507769112
15.117754813613681
15.05765083559118
15.120234409008377
15.04503969621168
54.11224212334347
55.12467790863016
57.56008536355494
97.75242657841812
