21.075084614189095
21.154504058548977
22.10454762039902
21.11157382364855
21.057773778038467
21.082224075043744
22.264282826686685
23.294387057607405
22.550697915847305
20.22941748984664
26.05013520257123
11.829667368708519
11.881827263319376
11.277832346442693
10.443148234914615
9.533316585005826
12.510545581877256
5.422669303490022
7.613070751723556
4.984849869150408
5.510284668411451
4.939154858595191
6.4614733809408245
4.598682789179262
4.529358697687658
4.926808754076566
6.331221268334552
15.140216535342383
15.324529432476488
15.089863551580855
15.1625462702068
15.41476089186855
9.970160306630723
11.469457699851741
11.453387340492462
12.54319954958273
13.615878149198856
13.637978868016841
10.136411344114348
10.065035917721532
10.394215117087937
10.01129563278899
14.115966154445951
14.30263806346557
20.60300892636243
7.359058616905232
7.052512170380579
6.736050795884217
7.172555460595952
7.453192586362809
3.3516689504863084
0.28364889086961953
11.71632806203414
15.018373864729659
10.270993704437592
8.086249515570492
8.817019440709867
8.19151101586403
8.06731636332299
9.344944862711996
9.27252699212002
7.7481625165481045
8.107135262747684
8.440607330414089
8.067625940537665
9.271665647981234
9.269376687771372
22.17243453284708
56.60634289070241
64.07725672423162
20.663852788012154
12.884848464742527
11.131507129763024
13.684225609265543
12.902190300435176
13.036063396460577
12.169300017139168
12.048092929169153
8.483541390554436
4.066392516283136
4.209171568969504
4.102494534740043
3.097800156554814
4.043177539852724
13.151736785498974
6.086527145554492
19.238238692005325
24.290706809389818
4.223798902303062
5.576702883370997
2.1577758910068576
2.4401869524201643
5.22302269081424
28.93241340968619
41.07336229310293
26.257424577122976
5.092992397329487
6.368465223062055
4.070608904392873
65.87942507769112
97.75242657841812
