27.46769099215308
0.12023440900837734
2.879425077691124
0.0706089043928726
0.08245145505495222
0.08904951682432749
0.08463682373317649
0.09299239732948728
3.8356960010776504
3.2574245771229755
36.07336229310293
21.93241340968619
0.22302269081423987
0.1390680059188818
0.15777589100685763
1.5767028833709968
0.223798902303062
13.238238692005325
0.08652714555449226
1.151736785498974
1.6280876340023522
0.09780015655481389
1.1024945347400434
0.20917156896950395
0.0663925162831358
0.530223112588625
2.4835413905544357
0.048092929169152754
0.2532936322919337
0.06589661509030442
0.1693000171391681
2.0360633964605768
1.4071901464653447
6.131507129763024
0.884848464742527
0.24523663702720455
0.07725672423161711
48.60634289070241
8.172434532847081
9.500754404568166
0.2693766877713717
0.2716656479812336
0.06762594053766513
0.44060733041408895
0.10713526274768448
0.7481625165481045
0.27252699212002085
0.344944862711996
2.0673163633229894
1.1915110158640303
0.817019440709867
0.08624951557049165
0.27099370443759163
1.018373864729659
1.7163280620341403
0.28364889086961953
0.3516689504863084
1.4531925863628086
1.1725554605959516
2.468679650760147
0.7360507958842168
1.052512170380579
2.359058616905232
2.603008926362431
4.6953935981144745
5.01129563278899
0.39421511708793666
0.0650359177215325
0.5044107432391716
1.637978868016841
2.6158781491988563
0.5431995495827309
0.453387340492462
1.0759279258907455
1.486436340461264
2.187670394999839
0.4147608918685499
0.1625462702067999
0.29245254543375054
0.08986355158085502
0.951247146451097
0.320594044156131
2.340583428691712
2.642357025975074
1.1029103159167812
1.1667431308920762
0.1351464730899261
0.5986827891792617
2.4614733809408245
0.9483489147797011
0.9391548585951908
1.510284668411451
0.22394023483776948
0.9848498691504082
3.613070751723556
0.4226693034900224
5.510545581877256
5.533316585005826
0.44314823491461475
4.404776610103156
3.8296673687085185
9.05013520257123
0.22941748984663946
2.550697915847305
1.8891341414289187
0.264282826686685
0.08222407504374374
0.05777377803846662
0.1115738236485484
0.570590404901484
0.43508221893770127
0.15450405854897653
0.07508461418909462
1.074146624509691
