tip	date	distance	residual
MH053308/ETH/unknown/1971/C	1971.0	0.11057582500000002	0.032326132820786724
AY593810/GBR/Unknown/1970/C	1970.0	0.0914799781	0.014095444935193352
OQ356339/GBR/cow/1987/C	1987.0	0.0914799781	-6.122583097189771E-4
OQ383266/GBR/Unknown/2002/C	2002.0	0.0914799781	-0.013589643525818235
X74812/Unknown/Unknown/1965/C	1965.0	0.0949749329	0.02191619480722637
OQ383265/NLD/cow/2000/C	2000.0	0.0905024134	-0.012836890197004944
AY593805/DEU/Unknown/1960/C	1960.0	0.0774874473	0.008754504279259598
AY593804/CHE/Unknown/1965/C	1965.0	0.0787723709	0.005713632807226365
OQ427393/Unknown/cow/2009/C	2009.0	0.082607189	-0.02851854572666432
AY593808/ARG/Unknown/1966/C	1966.0	0.0804208626	0.006496965492819945
OQ383267/BRA/cow/1963/C	1963.0	2.0E-6	-0.07132642006396034
AY593807/BRA/Unknown/1955/C	1955.0	0.0	-0.06440714794870739
AY593809/ARG/Unknown/1969/C	1969.0	0.009270555	-0.0672488191504
AY593806/BRA/Unknown/1971/C	1971.0	0.11076601910000002	0.03251632692078672
MH053310/UGA/cattle/1970/C	1970.0	0.13988792560000002	0.06250339243519337
MH053309/KEN/cattle/1967/C	1967.0	0.1268587009	0.052069644778413304
KM268897/KEN/cattle/2004/C	2004.0	0.12894742530000003	0.022147485645368725
