92.80732404284095
69.8891045641977
110.75418485933658
83.65660743988096
22.11491766855146
23.699329709676434
25.35046328021396
22.167088618110935
22.170522046049395
24.24573965085927
22.21588606767856
26.66205422938975
64.24612098080551
71.64874154679954
42.906661422373936
41.74556201094582
22.98518824301267
21.43106340454906
15.15386248640029
16.288302253980287
14.351255885531556
12.179304458277034
11.203135064232965
11.280152838569162
12.12002343603422
15.631893803304552
15.847018717832436
27.02345737383661
16.25592615301869
11.818222178533443
9.194862392856438
9.15764498824731
12.408824265442117
9.068680849279938
8.34333653567342
10.594817204565997
8.536495386469444
6.137609009277761
11.760607521613377
9.169520645089776
8.642512644180455
9.11011211019175
6.772529535067474
8.587936026694493
5.841363011218811
8.846881048375769
15.449598911242825
17.234356678066714
81.51917785304133
59.34357104050049
17.217380400296516
65.98750876256389
87.55884720384955
58.24250688782001
