45.24250688782001
82.55884720384955
30.51540674438897
7.218442997525963
36.30867691046351
2.2173804002965163
42.34357104050049
7.234356678066714
1.846881048375769
2.1437619994762542
0.46896876194198
1.0660195153858147
1.343419424301607
3.587936026694493
1.7725295350674743
4.11011211019175
5.710913840252614
1.137609009277761
0.18195761359395668
3.594817204565997
0.7631750485662803
3.4088242654421173
0.15764498824730921
0.7516986374659798
0.1948623928564377
2.8182221785334427
0.2559261530186916
1.8888274139058723
6.8470187178324355
0.5328472586819899
0.28015283856916184
0.20313506423296523
1.1793044582770342
0.35125588553155573
8.303168645418639
1.1538624864002909
8.128149329952223
5.985188243012669
16.413429481354278
22.906661422373936
39.11688881234335
47.246120980805514
4.662054229389749
0.21588606767856078
1.6954158608930605
0.17052204604939547
0.16708861811093456
1.6993297096764337
35.65660743988096
55.20193220044854
62.52736117973487
6.8891045641976945
3.7288881597191477
28.68053057871107
