45.24250688782001
82.55884720384955
30.51540674438897
7.218442997525963
36.30867691046351
2.2173804002965163
42.34357104050049
7.234356678066714
3.449598911242825
1.846881048375769
1.841363011218811
5.79210315652591
1.7725295350674743
4.11011211019175
5.710913840252614
1.137609009277761
0.18195761359395668
3.594817204565997
1.0686808492799376
3.4088242654421173
0.15764498824730921
0.7516986374659798
0.1948623928564377
2.8182221785334427
0.2559261530186916
1.8888274139058723
6.8470187178324355
0.28015283856916184
0.20313506423296523
1.1793044582770342
0.35125588553155573
8.303168645418639
1.1538624864002909
8.128149329952223
5.985188243012669
16.413429481354278
22.906661422373936
47.64874154679954
47.246120980805514
4.662054229389749
0.21588606767856078
0.17052204604939547
0.16708861811093456
0.17112201629405988
0.11491766855145968
1.2304546167293111
62.52736117973487
6.8891045641976945
3.7288881597191477
28.68053057871107
