1.074146624509691
0.07508461418909462
0.15450405854897653
0.43508221893770127
0.570590404901484
0.1115738236485484
0.05777377803846662
0.08222407504374374
0.9710914899818555
1.8891341414289187
2.550697915847305
0.22941748984663946
9.05013520257123
3.8296673687085185
4.404776610103156
0.44314823491461475
5.533316585005826
5.510545581877256
0.4226693034900224
3.613070751723556
0.9848498691504082
0.22394023483776948
1.510284668411451
0.9391548585951908
0.9483489147797011
2.4614733809408245
0.5986827891792617
0.1351464730899261
1.1667431308920762
1.1029103159167812
2.642357025975074
2.340583428691712
0.320594044156131
0.951247146451097
0.08986355158085502
0.29245254543375054
0.1625462702067999
0.4147608918685499
2.187670394999839
1.486436340461264
1.0759279258907455
0.453387340492462
0.5431995495827309
2.6158781491988563
1.637978868016841
0.5044107432391716
0.0650359177215325
0.39421511708793666
5.01129563278899
4.6953935981144745
2.603008926362431
2.359058616905232
1.052512170380579
0.7360507958842168
2.468679650760147
1.1725554605959516
1.4531925863628086
0.3516689504863084
0.28364889086961953
1.7163280620341403
1.018373864729659
0.27099370443759163
0.08624951557049165
0.817019440709867
1.1915110158640303
2.0673163633229894
0.344944862711996
0.27252699212002085
0.7481625165481045
0.10713526274768448
0.44060733041408895
0.06762594053766513
0.2716656479812336
0.2693766877713717
9.500754404568166
8.172434532847081
48.60634289070241
0.07725672423161711
0.24523663702720455
0.884848464742527
6.131507129763024
1.4071901464653447
2.0360633964605768
0.1693000171391681
0.06589661509030442
0.2532936322919337
0.048092929169152754
2.4835413905544357
0.530223112588625
0.0663925162831358
0.20917156896950395
1.1024945347400434
0.09780015655481389
1.6280876340023522
1.151736785498974
0.08652714555449226
13.238238692005325
0.223798902303062
1.5767028833709968
0.15777589100685763
0.1390680059188818
0.22302269081423987
21.93241340968619
36.07336229310293
3.2574245771229755
3.8356960010776504
0.09299239732948728
0.08463682373317649
0.08904951682432749
0.08245145505495222
0.0706089043928726
2.879425077691124
0.12023440900837734
27.46769099215308
