   1    3
   2    4
   3    5
   4    6
   5    8
   6    9
   7   10
   8   11
   9   12
  10   13
  11   14
  12   17
  13   18
  14   20
  15   21
  16   22
  17   23
  18   24
  19   25
  20   26
  21   30
  22   32
  23   33
  24   34
  25   35
  26   36
  27   37
  28   38
  29   42
  30   43
  31   44
  32   45
  33   46
  34   47
  35   48
  36   49
  37   50
  38   51
  39   52
  40   53
  41   54
  42   55
  43   56
  44   57
  45   58
  46   59
  47   60
  48   61
  49   62
  50   66
  51   67
  52   68
  53   69
  54   70
  55   71
  56   72
  57   73
  58   74
  59   78
  60   79
  61   80
  62   81
  63   82
  64   83
  65   84
  66   85
  67   86
  68   87
  69   88
  70   89
  71   93
  72   94
  73   95
  74   96
  75   97
  76   98
  77   99
  78  100
  79  101
  80  102
  81  103
  82  104
  83  105
  84  107
  85  116
  86  123
  87  125
  88  127
  89  128
  90  129
  91  131
  92  132
  93  134
  94  136
  95  137
  96  140
  97  142
  98  143
  99  148
 100  149
 101  152
 102  153
 103  154
 104  155
 105  158
 106  159
 107  160
 108  161
 109  162
 110  163
 111  164
 112  165
 113  167
 114  170
 115  173
 116  174
 117  175
 118  176
 119  177
 120  179
 121  181
 122  182
 123  185
 124  188
 125  192
 126  194
 127  197
 128  198
 129  200
 130  201
 131  203
 132  204
 133  206
 134  209
 135  210
 136  212
 137  215
 138  216
 139  217
 140  218
 141  221
 142  224
 143  226
 144  227
 145  230
 146  233
 147  234
 148  236
 149  237
 150  239
 151  242
 152  243
 153  244
 154  245
 155  247
 156  248
 157  251
 158  252
 159  253
 160  254
 161  255
 162  257
 163  259
 164  260
 165  265
 166  266
 167  267
 168  269
 169  270
 170  271
 171  272
 172  275
 173  276
 174  277
 175  278
 176  279
 177  280
 178  281
 179  282
 180  283
 181  284
 182  290
 183  291
 184  292
 185  293
 186  294
 187  296
 188  297
 189  299
 190  300
 191  301
 192  302
 193  303
 194  304
 195  305
 196  306
 197  307
 198  308
 199  311
 200  312
 201  313
 202  314
 203  315
 204  317
 205  318
 206  319
 207  320
 208  321
 209  323
 210  324
 211  325
 212  326
 213  327
 214  329
 215  335
 216  338
 217  341
 218  344
 219  347
 220  350
 221  353
 222  354
 223  356
 224  360
 225  361
 226  362
 227  365
 228  367
 229  368
 230  369
 231  370
 232  371
 233  372
 234  373
 235  374
 236  375
 237  377
 238  378
 239  379
 240  380
 241  383
 242  386
 243  387
 244  389
 245  392
 246  395
 247  396
 248  397
 249  398
 250  399
 251  401
 252  404
 253  407
 254  408
 255  410
 256  413
 257  414
 258  416
 259  419
 260  420
 261  422
 262  423
 263  425
 264  426
 265  428
 266  431
 267  432
 268  433
 269  434
 270  435
 271  436
 272  437
 273  441
 274  442
 275  443
 276  444
 277  446
 278  449
 279  452
 280  455
 281  458
 282  461
 283  464
 284  467
 285  470
 286  471
 287  473
 288  474
 289  476
 290  479
 291  480
 292  481
 293  482
 294  484
 295  485
 296  488
 297  491
 298  494
 299  497
 300  500
 301  501
 302  502
 303  503
 304  504
 305  505
 306  506
 307  509
 308  516
 309  517
 310  518
 311  519
 312  520
 313  521
 314  524
 315  529
 316  530
 317  533
 318  534
 319  536
 320  539
 321  542
 322  545
 323  546
 324  547
 325  548
 326  550
 327  551
 328  554
 329  557
 330  563
 331  566
 332  567
 333  569
 334  572
 335  573
 336  574
 337  575
 338  576
 339  577
 340  578
 341  581
 342  582
 343  584
 344  585
 345  586
 346  587
 347  589
 348  590
 349  593
 350  596
 351  599
 352  600
 353  602
 354  603
 355  604
 356  605
 357  608
 358  611
 359  612
 360  614
 361  615
 362  616
 363  617
 364  624
 365  625
 366  626
 367  627
 368  628
 369  629
 370  630
 371  631
 372  632
 373  633
 374  634
 375  635
 376  636
 377  637
 378  638
 379  639
 380  640
 381  641
 382  643
 383  644
 384  645
 385  646
 386  647
 387  648
 388  649
 389  650
 390  651
 391  652
 392  653
 393  654
 394  656
 395  657
 396  658
 397  659
 398  662
 399  665
 400  668
 401  671
 402  677
 403  681
 404  682
 405  683
 406  686
 407  687
 408  688
 409  689
 410  692
 411  695
 412  698
 413  701
 414  704
 415  707
 416  710
 417  713
 418  716
 419  719
 420  722
 421  725
 422  728
 423  731
 424  734
 425  737
 426  740
 427  743
 428  752
 429  755
 430  758
 431  767
 432  770
 433  773
 434  778
 435  779
 436  782
 437  785
 438  786
 439  788
 440  791
 441  792
 442  794
 443  796
 444  797
 445  798
 446  800
 447  802
 448  803
 449  804
 450  805
 451  806
 452  809
 453  812
 454  815
 455  818
 456  821
 457  824
 458  825
 459  826
 460  827
 461  830
 462  833
 463  834
 464  836
 465  839
 466  842
 467  844
 468  845
 469  848
 470  851
 471  852
 472  853
 473  854
 474  856
 475  857
 476  860
 477  863
 478  866
 479  869
 480  872
 481  878
 482  881
 483  882
 484  883
 485  884
 486  885
 487  887
 488  890
 489  891
 490  892
 491  893
 492  894
 493  896
 494  899
 495  900
 496  902
 497  903
 498  904
 499  905
 500  908
 501  909
 502  911
 503  912
 504  914
 505  917
 506  920
 507  921
 508  923
 509  924
 510  926
 511  927
 512  929
 513  932
 514  935
 515  938
 516  941
 517  944
 518  947
 519  948
 520  949
 521  950
 522  953
 523  954
 524  955
 525  956
 526  957
 527  959
 528  962
 529  965
 530  966
 531  968
 532  971
 533  972
 534  974
 535  977
 536  980
 537  981
 538  982
 539  983
 540  984
 541  986
 542  987
 543  988
 544  989
 545  990
 546  991
 547  992
 548  995
 549  997
 550  998
 551  999
 552 1000
 553 1001
 554 1004
 555 1007
 556 1010
 557 1011
 558 1012
 559 1013
 560 1014
 561 1015
 562 1016
 563 1019
 564 1022
 565 1023
 566 1025
 567 1028
 568 1029
 569 1030
 570 1031
 571 1034
 572 1037
 573 1038
 574 1040
 575 1041
 576 1042
 577 1043
 578 1044
 579 1045
 580 1046
 581 1049
 582 1050
 583 1051
 584 1052
 585 1053
 586 1054
 587 1055
 588 1056
 589 1057
 590 1058
 591 1059
 592 1060
 593 1061
 594 1064
 595 1067
 596 1070
 597 1073
 598 1074
 599 1075
 600 1076
 601 1079
 602 1080
 603 1082
 604 1085
 605 1086
 606 1088
 607 1089
 608 1091
 609 1094
 610 1095
 611 1096
 612 1097
 613 1100
 614 1103
 615 1106
 616 1107
 617 1109
 618 1111
 619 1112
 620 1114
 621 1115
 622 1118
 623 1119
 624 1120
 625 1121
 626 1122
 627 1123
 628 1124
 629 1125
 630 1127
 631 1130
 632 1134
 633 1135
 634 1136
 635 1140
 636 1141
 637 1142
 638 1143
 639 1144
 640 1145
 641 1146
 642 1147
 643 1148
 644 1149
 645 1150
 646 1151
 647 1152
 648 1153
 649 1154
 650 1156
 651 1157
 652 1159
 653 1160
 654 1161
 655 1162
 656 1163
 657 1164
 658 1165
 659 1166
 660 1167
 661 1168
 662 1169
 663 1170
 664 1171
 665 1172
 666 1173
 667 1175
 668 1177
 669 1178
 670 1179
 671 1181
 672 1184
 673 1185
 674 1186
 675 1187
 676 1188
 677 1189
 678 1190
 679 1192
 680 1193
 681 1194
 682 1195
 683 1196
 684 1202
 685 1203
 686 1205
 687 1207
 688 1208
 689 1211
 690 1212
 691 1213
 692 1214
 693 1215
 694 1217
 695 1218
 696 1219
 697 1220
 698 1221
 699 1222
 700 1223
 701 1224
 702 1225
 703 1226
 704 1227
 705 1228
 706 1229
 707 1230
 708 1232
 709 1235
 710 1236
 711 1238
 712 1239
 713 1241
 714 1244
 715 1247
 716 1253
 717 1254
 718 1256
 719 1257
 720 1259
 721 1262
 722 1263
 723 1264
 724 1265
 725 1268
 726 1269
 727 1270
 728 1271
 729 1272
 730 1273
 731 1274
 732 1276
 733 1277
 734 1280
 735 1283
 736 1286
 737 1289
 738 1292
 739 1293
 740 1294
 741 1295
 742 1296
 743 1298
 744 1299
 745 1301
 746 1304
 747 1307
 748 1308
 749 1310
 750 1311
 751 1313
 752 1316
 753 1319
 754 1320
 755 1321
 756 1322
 757 1323
 758 1324
 759 1325
 760 1326
 761 1327
 762 1328
 763 1329
 764 1330
 765 1331
 766 1332
 767 1333
 768 1334
 769 1335
 770 1336
 771 1337
 772 1338
 773 1340
 774 1341
 775 1342
 776 1343
 777 1344
 778 1345
 779 1346
 780 1347
 781 1348
 782 1349
 783 1352
 784 1353
 785 1355
 786 1356
 787 1358
 788 1359
 789 1361
 790 1363
 791 1364
 792 1367
 793 1370
 794 1373
 795 1375
 796 1376
 797 1377
 798 1379
 799 1381
 800 1382
 801 1391
 802 1392
 803 1394
 804 1397
 805 1400
 806 1401
 807 1402
 808 1403
 809 1406
 810 1409
 811 1418
 812 1419
 813 1421
 814 1422
 815 1423
 816 1424
 817 1427
 818 1430
 819 1432
 820 1433
 821 1434
 822 1436
 823 1439
 824 1440
 825 1442
 826 1443
 827 1445
 828 1446
 829 1448
 830 1449
 831 1451
 832 1454
 833 1457
 834 1458
 835 1459
 836 1460
 837 1461
 838 1462
 839 1463
 840 1464
 841 1465
 842 1466
 843 1469
 844 1470
 845 1471
 846 1472
 847 1473
 848 1475
 849 1479
 850 1481
 851 1482
 852 1484
 853 1487
 854 1490
 855 1491
 856 1492
 857 1493
 858 1496
 859 1497
 860 1499
 861 1500
 862 1502
 863 1505
 864 1506
 865 1507
 866 1508
 867 1511
 868 1512
 869 1513
 870 1514
 871 1517
 872 1518
 873 1519
 874 1520
 875 1521
 876 1522
 877 1523
 878 1524
 879 1525
 880 1526
 881 1527
 882 1528
 883 1529
 884 1530
 885 1531
 886 1532
 887 1533
 888 1534
 889 1535
 890 1536
 891 1537
 892 1538
 893 1539
 894 1540
 895 1541
 896 1542
 897 1544
 898 1547
 899 1549
 900 1550
 901 1551
 902 1552
 903 1553
 904 1556
 905 1557
 906 1558
 907 1559
 908 1561
 909 1562
 910 1565
 911 1568
 912 1569
 913 1570
 914 1571
 915 1574
 916 1575
 917 1576
 918 1577
 919 1580
 920 1583
 921 1586
 922 1589
 923 1590
 924 1591
 925 1592
 926 1595
 927 1596
 928 1597
 929 1598
 930 1601
 931 1602
 932 1604
 933 1607
 934 1610
 935 1611
 936 1613
 937 1616
 938 1619
 939 1622
 940 1623
 941 1624
 942 1625
 943 1626
 944 1627
 945 1628
 946 1629
 947 1630
 948 1631
 949 1634
 950 1637
 951 1640
 952 1641
 953 1642
 954 1643
 955 1644
 956 1646
 957 1650
 958 1651
 959 1652
 960 1654
 961 1655
 962 1658
 963 1661
 964 1667
 965 1670
 966 1671
 967 1673
 968 1674
 969 1676
 970 1679
 971 1682
 972 1683
 973 1684
 974 1685
 975 1688
 976 1691
 977 1692
 978 1693
 979 1694
 980 1697
 981 1698
 982 1699
 983 1700
 984 1703
 985 1707
 986 1709
 987 1710
 988 1712
 989 1713
 990 1715
 991 1716
 992 1717
 993 1718
 994 1719
 995 1720
 996 1721
 997 1722
 998 1723
 999 1724
1000 1726
1001 1727
1002 1730
1003 1731
1004 1732
1005 1733
1006 1735
1007 1736
1008 1737
1009 1738
1010 1739
1011 1742
1012 1743
1013 1744
1014 1745
1015 1746
1016 1748
1017 1751
1018 1754
1019 1757
1020 1760
1021 1763
1022 1766
1023 1769
1024 1772
1025 1773
1026 1775
1027 1776
1028 1778
1029 1779
1030 1780
1031 1781
1032 1784
1033 1785
1034 1786
1035 1787
1036 1788
1037 1789
1038 1790
1039 1791
1040 1792
1041 1793
1042 1794
1043 1795
1044 1796
1045 1799
1046 1801
1047 1802
1048 1803
1049 1805
1050 1806
1051 1807
1052 1808
1053 1811
1054 1812
1055 1813
1056 1814
1057 1815
1058 1816
1059 1817
1060 1818
1061 1819
1062 1820
1063 1821
1064 1822
1065 1823
1066 1824
1067 1825
1068 1826
1069 1827
1070 1828
1071 1829
1072 1830
1073 1831
1074 1832
1075 1833
1076 1834
1077 1835
1078 1836
1079 1838
1080 1839
1081 1840
1082 1841
1083 1842
1084 1843
1085 1844
1086 1845
1087 1847
1088 1850
1089 1851
1090 1853
1091 1854
1092 1856
1093 1857
1094 1859
1095 1860
1096 1861
1097 1862
1098 1863
1099 1864
1100 1865
1101 1866
1102 1867
1103 1868
1104 1869
1105 1870
1106 1871
1107 1872
1108 1873
1109 1874
1110 1875
1111 1876
1112 1877
1113 1880
1114 1883
1115 1885
1116 1886
1117 1887
1118 1889
1119 1890
1120 1892
1121 1895
1122 1896
1123 1898
1124 1901
1125 1902
1126 1904
1127 1907
1128 1909
1129 1910
1130 1911
1131 1913
1132 1916
1133 1919
1134 1920
1135 1921
1136 1922
1137 1925
1138 1926
1139 1927
1140 1928
1141 1929
1142 1931
1143 1934
1144 1935
1145 1936
1146 1937
1147 1940
1148 1943
1149 1948
1150 1949
1151 1950
1152 1952
1153 1955
1154 1959
1155 1961
1156 1962
1157 1964
1158 1965
1159 1967
1160 1968
1161 1969
1162 1970
1163 1973
1164 1976
1165 1977
1166 1978
1167 1979
1168 1981
1169 1982
1170 1986
1171 1988
1172 1990
1173 1991
1174 1994
1175 1995
1176 1996
1177 1997
1178 2000
1179 2003
1180 2006
1181 2007
1182 2008
1183 2009
1184 2010
1185 2011
1186 2012
1187 2013
1188 2014
1189 2015
1190 2016
1191 2017
1192 2018
1193 2019
1194 2020
1195 2021
1196 2022
1197 2023
1198 2024
1199 2027
1200 2028
1201 2029
1202 2030
1203 2031
1204 2032
1205 2033
1206 2036
1207 2039
1208 2040
1209 2041
1210 2042
1211 2045
1212 2046
1213 2048
1214 2051
1215 2054
1216 2055
1217 2056
1218 2057
1219 2060
1220 2061
1221 2063
1222 2066
1223 2072
1224 2075
1225 2078
1226 2079
1227 2081
1228 2084
1229 2087
1230 2088
1231 2089
1232 2090
1233 2092
1234 2093
1235 2094
1236 2096
1237 2099
1238 2100
1239 2102
1240 2103
1241 2105
1242 2108
1243 2111
1244 2112
1245 2114
1246 2117
1247 2118
1248 2119
1249 2120
1250 2121
1251 2122
1252 2123
1253 2126
1254 2128
1255 2129
1256 2130
1257 2131
1258 2132
1259 2135
1260 2138
1261 2139
1262 2140
1263 2141
1264 2142
1265 2143
1266 2144
1267 2145
1268 2146
1269 2147
1270 2148
1271 2149
1272 2150
1273 2151
1274 2153
1275 2155
1276 2156
1277 2157
1278 2158
1279 2159
1280 2160
1281 2161
1282 2162
1283 2163
1284 2164
1285 2165
1286 2166
1287 2167
1288 2168
1289 2169
1290 2171
1291 2174
1292 2178
1293 2180
1294 2181
1295 2182
1296 2183
1297 2184
1298 2186
1299 2190
1300 2191
1301 2192
1302 2195
1303 2196
1304 2198
1305 2201
1306 2202
1307 2204
1308 2205
1309 2206
1310 2207
1311 2208
1312 2210
1313 2211
1314 2212
1315 2213
1316 2214
1317 2215
1318 2216
1319 2217
1320 2218
1321 2219
1322 2220
1323 2221
1324 2222
1325 2223
1326 2225
1327 2226
1328 2228
1329 2229
1330 2231
1331 2232
1332 2234
1333 2235
1334 2236
1335 2237
1336 2239
1337 2240
1338 2241
1339 2242
1340 2243
1341 2246
1342 2249
1343 2250
1344 2251
1345 2252
1346 2255
1347 2256
1348 2258
1349 2261
1350 2262
1351 2264
1352 2265
1353 2267
1354 2268
1355 2270
1356 2273
1357 2274
1358 2276
1359 2277
1360 2278
1361 2279
1362 2280
1363 2282
1364 2283
1365 2284
1366 2285
1367 2286
1368 2287
1369 2288
1370 2289
1371 2291
1372 2294
1373 2297
1374 2298
1375 2299
1376 2300
1377 2301
1378 2302
1379 2303
1380 2306
1381 2309
1382 2310
1383 2311
1384 2312
1385 2313
1386 2314
1387 2315
1388 2317
1389 2318
1390 2319
1391 2320
1392 2321
1393 2322
1394 2324
1395 2327
1396 2328
1397 2329
1398 2330
1399 2331
1400 2332
1401 2333
1402 2334
1403 2335
1404 2336
1405 2337
1406 2338
1407 2339
1408 2340
1409 2341
1410 2342
1411 2343
1412 2345
1413 2348
1414 2351
1415 2352
1416 2353
1417 2354
1418 2355
1419 2356
1420 2357
1421 2358
1422 2359
1423 2360
1424 2361
1425 2362
1426 2363
1427 2364
1428 2365
1429 2366
1430 2367
1431 2368
1432 2369
1433 2370
1434 2372
1435 2373
1436 2374
1437 2375
1438 2378
1439 2381
1440 2382
1441 2383
1442 2384
1443 2385
1444 2387
1445 2388
1446 2389
1447 2390
1448 2393
1449 2394
1450 2396
1451 2397
1452 2399
1453 2402
1454 2403
1455 2405
1456 2406
1457 2407
1458 2408
1459 2409
1460 2410
1461 2411
1462 2412
1463 2413
1464 2414
1465 2415
1466 2417
1467 2418
1468 2419
1469 2420
1470 2421
1471 2422
1472 2423
1473 2430
1474 2431
1475 2432
1476 2442
1477 2443
1478 2444
1479 2445
1480 2446
1481 2447
1482 2448
1483 2449
1484 2450
1485 2451
1486 2452
1487 2453
1488 2454
1489 2455
1490 2456
1491 2457
1492 2458
1493 2459
1494 2460
1495 2461
1496 2462
1497 2463
1498 2465
1499 2466
1500 2467
1501 2468
1502 2469
1503 2471
1504 2472
1505 2474
1506 2475
1507 2476
1508 2477
1509 2478
1510 2479
1511 2480
1512 2481
1513 2482
1514 2483
1515 2484
1516 2485
1517 2486
1518 2493
1519 2495
1520 2496
1521 2497
1522 2498
1523 2499
1524 2501
1525 2504
1526 2507
1527 2510
1528 2511
1529 2513
1530 2514
1531 2516
1532 2517
1533 2519
1534 2520
1535 2522
1536 2523
1537 2525
1538 2528
1539 2531
1540 2534
1541 2537
1542 2538
1543 2539
1544 2540
1545 2543
1546 2544
1547 2546
1548 2549
1549 2550
1550 2552
1551 2553
1552 2554
1553 2555
1554 2556
1555 2557
1556 2558
1557 2559
1558 2560
1559 2561
1560 2562
1561 2563
1562 2564
1563 2565
1564 2566
1565 2567
1566 2568
1567 2569
1568 2570
1569 2571
1570 2572
1571 2573
1572 2574
1573 2575
1574 2576
1575 2577
1576 2578
1577 2579
1578 2580
1579 2581
1580 2582
1581 2586
1582 2587
1583 2588
1584 2591
1585 2594
1586 2597
1587 2598
1588 2599
1589 2600
1590 2603
1591 2604
1592 2605
1593 2606
1594 2607
1595 2608
1596 2609
1597 2610
1598 2611
1599 2612
1600 2613
1601 2615
1602 2616
1603 2617
1604 2618
1605 2619
1606 2620
1607 2621
1608 2622
1609 2623
1610 2624
1611 2625
1612 2626
1613 2627
1614 2630
1615 2633
1616 2634
1617 2635
1618 2636
1619 2638
1620 2639
1621 2640
1622 2641
1623 2642
1624 2643
1625 2644
1626 2645
1627 2646
1628 2647
1629 2648
1630 2649
1631 2650
1632 2651
1633 2652
1634 2653
1635 2654
1636 2661
1637 2662
1638 2663
1639 2664
1640 2665
1641 2666
1642 2667
1643 2669
1644 2670
1645 2672
1646 2675
1647 2676
1648 2678
1649 2681
1650 2683
1651 2684
1652 2687
1653 2690
1654 2693
1655 2696
1656 2697
1657 2699
1658 2700
1659 2701
1660 2702
1661 2703
1662 2705
1663 2706
1664 2708
1665 2711
1666 2712
1667 2713
1668 2714
1669 2717
1670 2718
1671 2719
1672 2720
1673 2723
1674 2724
1675 2725
1676 2726
1677 2727
1678 2728
1679 2729
1680 2730
1681 2731
1682 2732
1683 2735
1684 2736
1685 2737
1686 2738
1687 2739
1688 2740
1689 2741
1690 2742
1691 2743
1692 2744
1693 2745
1694 2746
1695 2747
1696 2748
1697 2749
1698 2750
1699 2751
1700 2752
1701 2753
1702 2754
1703 2755
1704 2756
1705 2757
1706 2758
1707 2759
1708 2760
1709 2761
1710 2762
1711 2763
1712 2764
1713 2765
1714 2766
1715 2767
1716 2768
1717 2769
1718 2771
1719 2773
1720 2774
1721 2777
1722 2778
1723 2779
1724 2780
1725 2781
1726 2782
1727 2783
1728 2784
1729 2785
1730 2786
1731 2787
1732 2788
1733 2789
1734 2790
1735 2791
1736 2792
1737 2793
1738 2794
1739 2795
1740 2796
1741 2797
1742 2798
1743 2799
1744 2800
1745 2801
1746 2802
1747 2803
1748 2804
1749 2805
1750 2806
1751 2807
1752 2808
1753 2809
1754 2810
1755 2811
1756 2812
1757 2813
1758 2814
1759 2815
1760 2816
1761 2817
1762 2818
1763 2819
1764 2820
1765 2821
1766 2822
1767 2823
1768 2824
1769 2825
1770 2828
1771 2829
1772 2830
1773 2831
1774 2832
1775 2833
1776 2834
1777 2837
1778 2840
1779 2842
1780 2843
1781 2846
1782 2847
1783 2848
1784 2849
1785 2850
1786 2852
1787 2853
1788 2854
1789 2855
1790 2856
1791 2857
1792 2858
1793 2859
1794 2860
1795 2861
1796 2862
1797 2863
1798 2864
1799 2865
1800 2866
1801 2867
1802 2871
1803 2872
1804 2873
1805 2876
1806 2877
1807 2879
1808 2880
1809 2881
1810 2882
1811 2883
1812 2884
1813 2885
1814 2886
1815 2888
1816 2891
1817 2894
1818 2895
1819 2897
1820 2898
1821 2900
1822 2903
1823 2904
1824 2905
1825 2906
1826 2909
1827 2912
1828 2915
1829 2916
1830 2918
1831 2919
1832 2920
1833 2921
1834 2928
1835 2930
1836 2931
1837 2932
1838 2933
1839 2934
1840 2935
1841 2936
1842 2943
1843 2944
1844 2945
1845 2946
1846 2947
1847 2948
1848 2949
1849 2950
1850 2951
1851 2952
1852 2953
1853 2954
1854 2955
1855 2956
1856 2957
1857 2958
1858 2959
1859 2960
1860 2961
1861 2962
1862 2963
1863 2964
1864 2965
1865 2966
1866 2967
1867 2969
1868 2970
1869 2971
1870 2972
1871 2973
1872 2974
1873 2975
1874 2976
1875 2977
1876 2978
1877 2979
1878 2980
1879 2981
1880 2982
1881 2984
1882 2985
1883 2986
1884 2987
1885 2988
1886 2989
1887 2990
1888 2991
1889 2992
1890 2993
1891 2994
1892 2995
1893 2996
1894 2998
1895 2999
1896 3002
1897 3003
1898 3004
1899 3005
1900 3006
1901 3007
1902 3008
1903 3010
1904 3011
1905 3012
1906 3013
1907 3014
1908 3016
1909 3017
1910 3018
1911 3020
1912 3021
1913 3023
1914 3024
1915 3025
1916 3026
1917 3027
1918 3029
1919 3032
1920 3038
1921 3041
1922 3042
1923 3044
1924 3047
1925 3048
1926 3053
1927 3056
1928 3059
1929 3068
1930 3069
1931 3070
1932 3071
1933 3074
1934 3077
1935 3078
1936 3080
1937 3083
1938 3084
1939 3086
1940 3089
1941 3090
1942 3091
1943 3092
1944 3095
1945 3098
1946 3099
1947 3100
1948 3101
1949 3102
1950 3103
1951 3104
1952 3105
1953 3107
1954 3109
1955 3110
1956 3113
1957 3114
1958 3115
1959 3116
1960 3117
1961 3119
1962 3121
1963 3122
1964 3123
1965 3124
1966 3125
1967 3126
1968 3131
1969 3132
1970 3133
1971 3134
1972 3137
1973 3138
1974 3140
1975 3141
1976 3143
1977 3146
1978 3149
1979 3152
1980 3155
1981 3158
1982 3161
1983 3164
1984 3165
1985 3166
1986 3167
1987 3168
1988 3170
1989 3171
1990 3173
1991 3176
1992 3177
1993 3178
1994 3179
1995 3182
1996 3185
1997 3188
1998 3191
1999 3192
2000 3194
2001 3195
2002 3197
2003 3198
2004 3199
2005 3200
2006 3203
2007 3206
2008 3208
2009 3209
2010 3212
2011 3215
2012 3217
2013 3218
2014 3219
2015 3220
2016 3221
2017 3224
2018 3227
2019 3230
2020 3233
2021 3236
2022 3238
2023 3239
2024 3242
2025 3248
2026 3251
2027 3252
2028 3254
2029 3255
2030 3257
2031 3260
2032 3263
2033 3264
2034 3266
2035 3267
2036 3268
2037 3269
2038 3270
2039 3272
2040 3273
2041 3278
2042 3281
2043 3285
2044 3287
2045 3289
2046 3293
2047 3296
2048 3299
2049 3302
2050 3305
2051 3307
2052 3308
2053 3311
2054 3314
2055 3315
2056 3317
2057 3320
2058 3323
2059 3326
2060 3329
2061 3333
2062 3335
2063 3338
2064 3344
2065 3347
2066 3350
2067 3353
2068 3356
2069 3359
2070 3362
2071 3365
2072 3368
2073 3371
2074 3372
2075 3374
2076 3377
2077 3379
2078 3380
2079 3383
2080 3386
2081 3387
2082 3389
2083 3392
2084 3393
2085 3395
2086 3398
2087 3401
2088 3402
2089 3404
2090 3405
2091 3407
2092 3410
2093 3413
2094 3416
2095 3419
2096 3422
2097 3425
2098 3427
2099 3428
2100 3431
2101 3434
2102 3437
2103 3440
2104 3443
2105 3446
2106 3447
2107 3449
2108 3450
2109 3452
2110 3453
2111 3455
2112 3458
2113 3461
2114 3462
2115 3467
2116 3470
2117 3471
2118 3473
2119 3476
2120 3479
2121 3480
2122 3481
2123 3482
2124 3485
2125 3488
2126 3490
2127 3491
2128 3494
2129 3497
2130 3498
2131 3500
2132 3503
2133 3506
2134 3507
2135 3509
2136 3514
2137 3515
2138 3518
2139 3521
2140 3524
2141 3527
2142 3530
2143 3532
2144 3533
2145 3536
2146 3542
2147 3543
2148 3545
2149 3548
2150 3552
2151 3554
2152 3555
2153 3557
2154 3560
2155 3561
2156 3563
2157 3566
2158 3569
2159 3572
2160 3575
2161 3578
2162 3582
2163 3584
2164 3587
2165 3590
2166 3591
2167 3593
2168 3596
2169 3597
2170 3599
2171 3602
2172 3605
2173 3608
2174 3615
2175 3617
2176 3620
2177 3623
2178 3627
2179 3629
2180 3630
2181 3632
2182 3634
2183 3635
2184 3638
2185 3641
2186 3644
2187 3646
2188 3647
2189 3648
2190 3650
2191 3651
2192 3652
2193 3653
2194 3654
2195 3655
2196 3659
2197 3662
2198 3663
2199 3665
2200 3668
2201 3671
2202 3672
2203 3674
2204 3677
2205 3678
2206 3680
2207 3682
2208 3683
2209 3684
2210 3685
2211 3686
2212 3689
2213 3690
2214 3691
2215 3692
2216 3693
2217 3695
2218 3696
2219 3698
2220 3699
2221 3701
2222 3703
2223 3704
2224 3707
2225 3708
2226 3709
2227 3710
2228 3713
2229 3716
2230 3717
2231 3718
2232 3719
2233 3721
2234 3722
2235 3723
2236 3724
2237 3725
2238 3728
2239 3729
2240 3730
2241 3731
2242 3735
2243 3737
2244 3738
2245 3740
2246 3741
2247 3742
2248 3743
2249 3744
2250 3746
2251 3749
2252 3750
2253 3751
2254 3752
2255 3753
2256 3754
2257 3755
2258 3758
2259 3759
2260 3761
2261 3762
2262 3763
2263 3764
2264 3766
2265 3767
2266 3770
2267 3773
2268 3774
2269 3775
2270 3776
2271 3777
2272 3778
2273 3779
2274 3780
2275 3782
2276 3785
2277 3788
2278 3789
2279 3791
2280 3794
2281 3796
2282 3797
2283 3800
2284 3801
2285 3802
2286 3803
2287 3804
2288 3805
2289 3806
2290 3809
2291 3810
2292 3812
2293 3815
2294 3818
2295 3820
2296 3821
2297 3822
2298 3824
2299 3825
2300 3827
2301 3830
2302 3833
2303 3836
2304 3839
2305 3842
2306 3843
2307 3845
2308 3848
2309 3851
2310 3854
2311 3857
2312 3859
2313 3860
2314 3863
2315 3866
2316 3869
2317 3872
2318 3875
2319 3878
2320 3881
2321 3884
2322 3885
2323 3887
2324 3890
2325 3893
2326 3894
2327 3896
2328 3899
2329 3902
2330 3905
2331 3906
2332 3908
2333 3911
2334 3912
2335 3914
2336 3917
2337 3919
2338 3920
2339 3923
2340 3932
2341 3933
2342 3934
2343 3935
2344 3936
2345 3937
2346 3938
2347 3941
2348 3944
2349 3947
2350 3953
2351 3956
2352 3959
2353 3962
2354 3971
2355 3974
2356 3977
2357 3980
2358 3983
2359 3986
2360 3989
2361 3992
2362 3995
2363 3998
2364 4001
2365 4002
2366 4003
2367 4004
2368 4007
2369 4010
2370 4013
2371 4022
2372 4025
2373 4026
2374 4028
2375 4031
2376 4034
2377 4037
2378 4040
2379 4043
2380 4046
2381 4048
2382 4049
2383 4052
2384 4055
2385 4058
2386 4061
2387 4064
2388 4067
2389 4070
2390 4076
2391 4079
2392 4082
2393 4085
2394 4088
2395 4091
2396 4094
2397 4097
2398 4100
2399 4106
2400 4109
2401 4112
2402 4115
2403 4118
2404 4121
2405 4124
2406 4126
2407 4127
2408 4130
2409 4133
2410 4135
2411 4136
2412 4139
2413 4142
2414 4145
2415 4148
2416 4149
2417 4151
2418 4152
2419 4154
2420 4157
2421 4158
2422 4159
2423 4160
2424 4163
2425 4164
2426 4166
2427 4169
2428 4170
2429 4172
2430 4175
2431 4178
2432 4181
2433 4184
2434 4185
2435 4186
2436 4187
2437 4190
2438 4196
2439 4199
2440 4202
2441 4205
2442 4208
2443 4209
2444 4211
2445 4213
2446 4214
2447 4215
2448 4217
2449 4218
2450 4223
2451 4226
2452 4229
2453 4232
2454 4233
2455 4235
2456 4236
2457 4237
2458 4238
2459 4239
2460 4241
2461 4242
2462 4243
2463 4244
2464 4246
2465 4247
2466 4249
2467 4250
2468 4253
2469 4255
2470 4256
2471 4259
2472 4261
2473 4262
2474 4263
2475 4264
2476 4265
2477 4266
2478 4267
2479 4268
2480 4269
2481 4271
2482 4273
2483 4274
2484 4275
2485 4277
2486 4280
2487 4283
2488 4284
2489 4285
2490 4286
2491 4288
2492 4289
2493 4292
2494 4293
2495 4295
2496 4298
2497 4301
2498 4307
2499 4310
2500 4311
2501 4313
2502 4316
2503 4317
2504 4319
2505 4320
2506 4321
2507 4322
2508 4325
2509 4331
2510 4332
2511 4333
2512 4334
2513 4337
2514 4340
2515 4343
2516 4346
2517 4349
2518 4352
2519 4355
2520 4358
2521 4359
2522 4360
2523 4361
2524 4364
2525 4365
2526 4367
2527 4370
2528 4371
2529 4376
2530 4379
2531 4380
2532 4382
2533 4385
2534 4388
2535 4389
2536 4391
2537 4392
2538 4394
2539 4397
2540 4398
2541 4399
2542 4400
2543 4403
2544 4405
2545 4406
2546 4407
2547 4408
2548 4409
2549 4412
2550 4413
2551 4415
2552 4416
2553 4417
2554 4418
2555 4420
2556 4421
2557 4422
2558 4424
2559 4427
2560 4430
2561 4431
2562 4433
2563 4436
2564 4437
2565 4439
2566 4442
2567 4445
2568 4446
2569 4448
2570 4451
2571 4452
2572 4454
2573 4457
2574 4458
2575 4459
2576 4460
2577 4461
2578 4462
2579 4463
2580 4466
2581 4468
2582 4469
2583 4470
2584 4471
2585 4472
2586 4473
2587 4475
2588 4476
2589 4477
2590 4478
2591 4479
2592 4480
2593 4481
2594 4482
2595 4484
2596 4485
2597 4486
2598 4487
2599 4490
2600 4493
2601 4496
2602 4499
2603 4502
2604 4505
2605 4506
2606 4508
2607 4511
2608 4514
2609 4517
2610 4520
2611 4521
2612 4523
2613 4526
2614 4527
2615 4529
2616 4532
2617 4535
2618 4538
2619 4541
2620 4544
2621 4546
2622 4547
2623 4550
2624 4553
2625 4556
2626 4559
2627 4562
2628 4565
2629 4568
2630 4571
2631 4577
2632 4579
2633 4580
2634 4583
2635 4586
2636 4592
2637 4593
2638 4594
2639 4595
2640 4597
2641 4598
2642 4599
2643 4600
2644 4601
2645 4602
2646 4604
2647 4606
2648 4607
2649 4610
2650 4613
2651 4616
2652 4617
2653 4618
2654 4619
2655 4622
2656 4623
2657 4625
2658 4626
2659 4628
2660 4629
2661 4631
2662 4633
2663 4634
2664 4640
2665 4641
2666 4642
2667 4643
2668 4644
2669 4646
2670 4648
2671 4649
2672 4650
2673 4651
2674 4652
2675 4655
2676 4657
2677 4658
2678 4661
2679 4663
2680 4664
2681 4667
2682 4668
2683 4670
2684 4673
2685 4676
2686 4679
2687 4682
2688 4685
2689 4686
2690 4687
2691 4688
2692 4689
2693 4690
2694 4691
2695 4692
2696 4693
2697 4694
2698 4695
2699 4697
2700 4698
2701 4699
2702 4700
2703 4701
2704 4702
2705 4703
2706 4704
2707 4705
2708 4706
2709 4707
2710 4709
2711 4710
2712 4712
2713 4714
2714 4715
2715 4718
2716 4721
2717 4722
2718 4724
2719 4725
2720 4727
2721 4729
2722 4731
2723 4733
2724 4736
2725 4737
2726 4738
2727 4739
2728 4740
2729 4742
2730 4744
2731 4745
2732 4747
2733 4749
2734 4751
2735 4753
2736 4754
2737 4755
2738 4756
2739 4757
2740 4758
2741 4759
2742 4760
2743 4763
2744 4764
2745 4766
2746 4767
2747 4768
2748 4769
2749 4770
2750 4771
2751 4772
2752 4773
2753 4775
2754 4776
2755 4777
2756 4778
2757 4781
2758 4782
2759 4784
2760 4786
2761 4787
2762 4788
2763 4789
2764 4790
2765 4791
2766 4792
2767 4793
2768 4800
2769 4802
2770 4803
2771 4804
2772 4805
2773 4806
2774 4808
2775 4809
2776 4811
2777 4814
2778 4815
2779 4816
2780 4817
2781 4818
2782 4820
2783 4821
2784 4822
2785 4823
2786 4826
2787 4827
2788 4829
2789 4830
2790 4831
2791 4832
2792 4833
2793 4834
2794 4835
2795 4836
2796 4837
2797 4838
2798 4840
2799 4841
2800 4842
2801 4843
2802 4844
2803 4846
2804 4850
2805 4851
2806 4852
2807 4853
2808 4856
2809 4857
2810 4858
2811 4859
2812 4860
2813 4861
2814 4862
2815 4863
2816 4864
2817 4865
2818 4866
2819 4867
2820 4868
2821 4869
2822 4870
2823 4871
2824 4872
2825 4873
2826 4874
2827 4875
2828 4876
2829 4877
2830 4878
2831 4880
2832 4883
2833 4884
2834 4886
2835 4891
2836 4892
2837 4893
2838 4894
2839 4895
2840 4896
2841 4897
2842 4898
2843 4899
2844 4900
2845 4901
2846 4902
2847 4903
2848 4904
2849 4905
2850 4906
2851 4907
2852 4908
2853 4909
2854 4910
2855 4911
2856 4912
2857 4913
2858 4914
2859 4915
2860 4916
2861 4917
2862 4918
2863 4919
2864 4921
2865 4922
2866 4924
2867 4926
2868 4927
2869 4928
2870 4929
2871 4930
2872 4931
2873 4933
2874 4934
2875 4935
2876 4937
2877 4938
2878 4939
2879 4940
2880 4941
2881 4942
2882 4943
2883 4944
2884 4945
2885 4946
2886 4947
2887 4948
2888 4949
2889 4950
2890 4951
2891 4952
2892 4953
2893 4954
2894 4955
2895 4956
2896 4957
2897 4958
2898 4961
2899 4962
2900 4963
2901 4964
2902 4966
2903 4967
2904 4970
2905 4973
2906 4976
2907 4979
2908 4980
2909 4981
2910 4982
2911 4985
2912 4988
2913 4989
2914 4991
2915 4994
2916 4995
2917 4996
2918 4997
2919 5000
2920 5001
2921 5002
2922 5003
2923 5006
2924 5007
2925 5009
2926 5011
2927 5012
2928 5013
2929 5015
2930 5016
2931 5017
2932 5018
2933 5019
2934 5020
2935 5021
2936 5023
2937 5024
2938 5025
2939 5026
2940 5027
2941 5030
2942 5031
2943 5032
2944 5033
2945 5034
2946 5035
2947 5036
2948 5039
2949 5042
2950 5045
2951 5048
2952 5049
2953 5050
2954 5051
2955 5054
2956 5057
2957 5058
2958 5060
2959 5065
2960 5066
2961 5069
2962 5070
2963 5071
2964 5072
2965 5075
2966 5076
2967 5078
2968 5080
2969 5081
2970 5082
2971 5084
2972 5086
2973 5087
2974 5088
2975 5089
2976 5090
2977 5092
2978 5093
2979 5094
2980 5095
2981 5096
2982 5099
2983 5101
2984 5102
2985 5103
2986 5104
2987 5105
2988 5107
2989 5108
2990 5111
2991 5114
2992 5117
2993 5120
2994 5123
2995 5126
2996 5128
2997 5129
2998 5131
2999 5132
3000 5134
3001 5135
3002 5137
3003 5138
3004 5143
3005 5144
3006 5147
3007 5148
3008 5150
3009 5153
3010 5156
3011 5159
3012 5160
3013 5161
3014 5162
3015 5164
3016 5165
3017 5169
3018 5170
3019 5171
3020 5172
3021 5173
3022 5174
3023 5177
3024 5178
3025 5180
3026 5183
3027 5186
3028 5189
3029 5192
3030 5193
3031 5194
3032 5195
3033 5198
3034 5201
3035 5204
3036 5207
3037 5208
3038 5210
3039 5213
3040 5215
3041 5216
3042 5217
3043 5222
3044 5226
3045 5227
3046 5228
3047 5231
3048 5232
3049 5233
3050 5234
3051 5237
3052 5243
3053 5246
3054 5249
3055 5250
3056 5252
3057 5253
3058 5254
3059 5255
3060 5258
3061 5261
3062 5264
3063 5269
3064 5270
3065 5273
3066 5276
3067 5277
3068 5279
3069 5282
3070 5285
3071 5288
3072 5291
3073 5294
3074 5297
3075 5300
3076 5301
3077 5303
3078 5306
3079 5309
3080 5312
3081 5315
3082 5318
3083 5321
3084 5324
3085 5327
3086 5330
3087 5333
3088 5336
3089 5339
3090 5341
3091 5342
3092 5345
3093 5348
3094 5350
3095 5351
3096 5352
3097 5354
3098 5358
3099 5360
3100 5363
3101 5366
3102 5367
3103 5369
3104 5370
3105 5372
3106 5373
3107 5375
3108 5376
3109 5377
3110 5378
3111 5379
3112 5381
3113 5382
3114 5383
3115 5384
3116 5387
3117 5389
3118 5390
3119 5393
3120 5394
3121 5399
3122 5402
3123 5405
3124 5408
3125 5409
3126 5411
3127 5413
3128 5417
3129 5420
3130 5423
3131 5426
3132 5432
3133 5436
3134 5438
3135 5441
3136 5444
3137 5447
3138 5450
3139 5453
3140 5454
3141 5459
3142 5460
3143 5462
3144 5463
3145 5465
3146 5466
3147 5467
3148 5468
3149 5471
3150 5472
3151 5474
3152 5477
3153 5478
3154 5480
3155 5481
3156 5483
3157 5486
3158 5487
3159 5489
3160 5492
3161 5493
3162 5494
3163 5495
3164 5498
3165 5501
3166 5504
3167 5507
3168 5508
3169 5509
3170 5510
3171 5511
3172 5512
3173 5513
3174 5514
3175 5515
3176 5516
3177 5517
3178 5519
3179 5520
3180 5521
3181 5522
3182 5525
3183 5528
3184 5530
3185 5531
3186 5534
3187 5535
3188 5537
3189 5540
3190 5543
3191 5546
3192 5547
3193 5549
3194 5552
3195 5555
3196 5558
3197 5561
3198 5564
3199 5567
3200 5568
3201 5570
3202 5571
3203 5573
3204 5574
3205 5576
3206 5579
3207 5582
3208 5585
3209 5588
3210 5591
3211 5592
3212 5594
3213 5597
3214 5600
3215 5603
3216 5606
3217 5607
3218 5609
3219 5612
3220 5613
3221 5615
3222 5618
3223 5624
3224 5627
3225 5630
3226 5633
3227 5639
3228 5642
3229 5643
3230 5645
3231 5648
3232 5651
3233 5654
3234 5655
3235 5656
3236 5657
3237 5660
3238 5661
3239 5662
3240 5663
3241 5666
3242 5668
3243 5669
3244 5671
3245 5672
3246 5675
3247 5678
3248 5681
3249 5684
3250 5686
3251 5687
3252 5690
3253 5691
3254 5693
3255 5696
3256 5697
3257 5699
3258 5702
3259 5703
3260 5704
3261 5705
3262 5708
3263 5709
3264 5710
3265 5711
3266 5712
3267 5714
3268 5717
3269 5718
3270 5720
3271 5723
3272 5724
3273 5726
3274 5729
3275 5732
3276 5735
3277 5738
3278 5741
3279 5744
3280 5747
3281 5750
3282 5756
3283 5757
3284 5759
3285 5762
3286 5765
3287 5768
3288 5771
3289 5774
3290 5777
3291 5780
3292 5781
3293 5782
3294 5783
3295 5786
3296 5790
3297 5792
3298 5793
3299 5794
3300 5795
3301 5796
3302 5797
3303 5798
3304 5804
3305 5805
3306 5807
3307 5810
3308 5811
3309 5813
3310 5816
3311 5819
3312 5820
3313 5821
3314 5822
3315 5825
3316 5826
3317 5828
3318 5829
3319 5830
3320 5831
3321 5834
3322 5837
3323 5838
3324 5840
3325 5841
3326 5843
3327 5844
3328 5846
3329 5848
3330 5849
3331 5851
3332 5852
3333 5855
3334 5858
3335 5861
3336 5864
3337 5867
3338 5870
3339 5873
3340 5876
3341 5879
3342 5885
3343 5887
3344 5888
3345 5891
3346 5894
3347 5895
3348 5897
3349 5898
3350 5899
3351 5900
3352 5903
3353 5906
3354 5909
3355 5912
3356 5913
3357 5918
3358 5920
3359 5921
3360 5924
3361 5925
3362 5926
3363 5927
3364 5930
3365 5932
3366 5933
3367 5935
3368 5936
3369 5939
3370 5942
3371 5945
3372 5947
3373 5948
3374 5949
3375 5951
3376 5954
3377 5956
3378 5957
3379 5958
3380 5959
3381 5960
3382 5963
3383 5964
3384 5965
3385 5966
3386 5969
3387 5970
3388 5972
3389 5973
3390 5974
3391 5975
3392 5978
3393 5981
3394 5984
3395 5985
3396 5986
3397 5987
3398 5988
3399 5990
3400 5993
3401 5996
3402 5997
3403 5998
3404 5999
3405 6002
3406 6005
3407 6006
3408 6007
3409 6008
3410 6011
3411 6017
3412 6020
3413 6022
3414 6023
3415 6024
3416 6026
3417 6027
3418 6028
3419 6029
3420 6030
3421 6031
3422 6032
3423 6036
3424 6037
3425 6038
3426 6039
3427 6040
3428 6041
3429 6043
3430 6044
3431 6047
3432 6049
3433 6050
3434 6051
3435 6052
3436 6053
3437 6054
3438 6056
3439 6058
3440 6059
3441 6060
3442 6062
3443 6063
3444 6064
3445 6065
3446 6068
3447 6071
3448 6074
3449 6077
3450 6080
3451 6083
3452 6086
3453 6088
3454 6089
3455 6090
3456 6092
3457 6095
3458 6096
3459 6097
3460 6098
3461 6100
3462 6101
3463 6102
3464 6104
3465 6107
3466 6108
3467 6110
3468 6111
3469 6113
3470 6116
3471 6117
3472 6119
3473 6122
3474 6123
3475 6125
3476 6127
3477 6128
3478 6129
3479 6130
3480 6131
3481 6133
3482 6134
3483 6137
3484 6138
3485 6140
3486 6143
3487 6146
3488 6148
3489 6149
3490 6150
3491 6152
3492 6155
3493 6158
3494 6161
3495 6164
3496 6167
3497 6173
3498 6174
3499 6176
3500 6179
3501 6182
3502 6185
3503 6188
3504 6191
3505 6192
3506 6194
3507 6197
3508 6206
3509 6207
3510 6208
3511 6209
3512 6211
3513 6212
3514 6215
3515 6218
3516 6221
3517 6224
3518 6230
3519 6232
3520 6233
3521 6234
3522 6236
3523 6239
3524 6245
3525 6248
3526 6251
3527 6252
3528 6253
3529 6254
3530 6257
3531 6258
3532 6259
3533 6260
3534 6261
3535 6262
3536 6263
3537 6266
3538 6267
3539 6269
3540 6272
3541 6273
3542 6275
3543 6276
3544 6277
3545 6278
3546 6279
3547 6280
3548 6281
3549 6284
3550 6285
3551 6287
3552 6288
3553 6289
3554 6290
3555 6293
3556 6294
3557 6296
3558 6302
3559 6303
3560 6304
3561 6305
3562 6306
3563 6307
3564 6308
3565 6309
3566 6311
3567 6317
3568 6318
3569 6319
3570 6320
3571 6323
3572 6324
3573 6325
3574 6326
3575 6329
3576 6332
3577 6335
3578 6338
3579 6339
3580 6341
3581 6344
3582 6347
3583 6350
3584 6351
3585 6353
3586 6355
3587 6356
3588 6359
3589 6360
3590 6362
3591 6365
3592 6368
3593 6369
3594 6371
3595 6372
3596 6373
3597 6374
3598 6375
3599 6376
3600 6377
3601 6380
3602 6383
3603 6386
3604 6389
3605 6392
3606 6395
3607 6398
3608 6401
3609 6402
3610 6404
3611 6407
3612 6410
3613 6413
3614 6416
3615 6418
3616 6419
3617 6420
3618 6422
3619 6425
3620 6428
3621 6430
3622 6431
3623 6440
3624 6443
3625 6444
3626 6445
3627 6446
3628 6449
3629 6452
3630 6455
3631 6456
3632 6458
3633 6464
3634 6465
3635 6466
3636 6467
3637 6470
3638 6473
3639 6476
3640 6479
3641 6481
3642 6482
3643 6484
3644 6485
3645 6488
3646 6491
3647 6494
3648 6497
3649 6500
3650 6503
3651 6506
3652 6509
3653 6512
3654 6515
3655 6518
3656 6524
3657 6525
3658 6527
3659 6530
3660 6533
3661 6534
3662 6535
3663 6536
3664 6539
3665 6542
3666 6543
3667 6545
3668 6548
3669 6551
3670 6552
3671 6553
3672 6554
3673 6557
3674 6563
3675 6569
3676 6570
3677 6572
3678 6575
3679 6578
3680 6581
3681 6584
3682 6587
3683 6590
3684 6593
3685 6596
3686 6599
3687 6602
3688 6603
3689 6605
3690 6608
3691 6611
3692 6617
3693 6620
3694 6623
3695 6626
3696 6629
3697 6632
3698 6635
3699 6638
3700 6639
3701 6640
3702 6641
3703 6642
3704 6643
3705 6644
3706 6647
3707 6649
3708 6650
3709 6653
3710 6656
3711 6659
3712 6662
3713 6665
3714 6668
3715 6670
3716 6671
3717 6675
3718 6677
3719 6678
3720 6680
3721 6683
3722 6686
3723 6687
3724 6689
3725 6690
3726 6692
3727 6693
3728 6695
3729 6698
3730 6704
3731 6707
3732 6710
3733 6713
3734 6716
3735 6717
3736 6719
3737 6721
3738 6722
3739 6728
3740 6729
3741 6730
3742 6731
3743 6732
3744 6733
3745 6734
3746 6735
3747 6737
3748 6738
3749 6740
3750 6742
3751 6743
3752 6746
3753 6752
3754 6755
3755 6758
3756 6761
3757 6764
3758 6767
3759 6770
3760 6773
3761 6776
3762 6779
3763 6782
3764 6785
3765 6786
3766 6788
3767 6789
3768 6791
3769 6794
3770 6797
3771 6800
3772 6803
3773 6804
3774 6806
3775 6807
3776 6809
3777 6812
3778 6815
3779 6816
3780 6818
3781 6821
3782 6824
3783 6827
3784 6830
3785 6833
3786 6836
3787 6840
3788 6842
3789 6845
3790 6848
3791 6849
3792 6850
3793 6851
3794 6852
3795 6853
3796 6854
3797 6858
3798 6860
3799 6866
3800 6867
3801 6869
3802 6872
3803 6875
3804 6878
3805 6881
3806 6884
3807 6887
3808 6890
3809 6893
3810 6896
3811 6899
3812 6900
3813 6901
3814 6902
3815 6905
3816 6906
3817 6908
3818 6911
3819 6914
3820 6917
3821 6920
3822 6923
3823 6925
3824 6926
3825 6929
3826 6932
3827 6938
3828 6939
3829 6940
3830 6941
3831 6942
3832 6944
3833 6945
3834 6947
3835 6950
3836 6953
3837 6954
3838 6956
3839 6959
3840 6962
3841 6965
3842 6968
3843 6971
3844 6974
3845 6977
3846 6978
3847 6980
3848 6982
3849 6983
3850 6986
3851 6989
3852 6991
3853 6992
3854 6993
3855 6995
3856 6998
3857 7001
3858 7002
3859 7004
3860 7007
3861 7008
3862 7010
3863 7013
3864 7016
3865 7019
3866 7022
3867 7025
3868 7031
3869 7034
3870 7035
3871 7037
3872 7040
3873 7041
3874 7043
3875 7044
3876 7049
3877 7050
3878 7051
3879 7052
3880 7054
3881 7055
3882 7058
3883 7061
3884 7067
3885 7070
3886 7073
3887 7076
3888 7080
3889 7082
3890 7083
3891 7085
3892 7091
3893 7092
3894 7094
3895 7097
3896 7100
3897 7101
3898 7103
3899 7112
3900 7115
3901 7118
3902 7128
3903 7130
3904 7136
3905 7144
3906 7145
3907 7148
3908 7154
3909 7157
3910 7160
3911 7163
3912 7166
3913 7169
3914 7172
3915 7175
3916 7177
3917 7178
3918 7179
3919 7180
3920 7181
3921 7184
3922 7187
3923 7189
3924 7191
3925 7193
3926 7199
3927 7202
3928 7205
3929 7211
3930 7212
3931 7213
3932 7214
3933 7217
3934 7218
3935 7219
3936 7220
3937 7223
3938 7227
3939 7229
3940 7232
3941 7247
3942 7250
3943 7253
3944 7257
3945 7259
3946 7260
3947 7262
3948 7269
3949 7274
3950 7280
3951 7283
3952 7285
3953 7286
3954 7288
3955 7289
3956 7330
