1.0198030585052642
1.6280920789945057
6.038897557841722
10.123359343132186
1.1517552699977784
10.023009370577903
14.06068004446179
16.669712699767736
13.41704105080715
2.044336010779822
4.094963798857377
18.573796172052788
35.22970438973297
0.9179859043412701
1.038295985711013
2.6091324812683307
5.52545151646563
4.871052066513119
8.825068683542952
12.87200446848519
2.852767682807035
0.6243301396282392
14.142219684280947
20.259908467658363
1.2861477709806675
2.6274303434824855
1.0717458413230165
2.347189791285645
8.478951703356124
11.703467527898821
17.679487354795548
10.334310407259988
27.953889667012298
17.099387467584464
5.443301979393713
4.867973689956472
36.91910157962732
0.8818683352881038
1.8513178819359801
19.6500703535512
42.53054618502767
